86.538
93.538
94.648
104.96
94.414
125.516
90.058
78.668
105.828
102.434
104.438
90.34
97.476
90.002
101.692
85.788
118.218
93.44
102.264
78.958
110.932
95.63
124.244
74.974
88.352
80.504
119.864
92.972
96.276
87.202
101.922
107.762
118.548
100.148
125.206
79.068
98.298
117.004
89.312
93.09
106.992
87.472
96.428
89.186
110.194
105.842
108.098
120.15
99.946
87.37
104.378
97.936
94.502
87.398
75.11
71.264
97.464
106.96
108.858
110.628
92.124
98.358
86.554
90.922
86.816
86.788
98.398
89.198
104.852
90.492
85.03
82.364
97.298
92.984
108.326
87.71
104.888
105.832
92.222
90.748
90.424
74.45
96.502
106.612
97.35
107.816
112.914
126.376
101.006
86.12
123.53
90.744
106.166
81.398
105.998
87.924
92.952
92.076
120.182
100.122
123.618
96.966
90.748
98.398
87.324
132.292
117.938
106.326
113.448
111.978
103.496
85.58
78.286
75.77
93.332
87.944
94.422
99.076
78.606
118.546
73.018
87.796
82.908
80.71
111.862
114.81
99.988
88.656
70.982
91.31
98.93
107.9
90.228
95.776
94.114
95.914
93.074
80.75
93.114
122.016
106.728
106.574
107.586
119.118
84.426
119.382
118.362
110.31
117.7
106.102
99.984
91.152
122.884
81.47
73.826
101.87
97.926
78.722
99.894
101.652
85.888
81.416
104.058
99.692
85.88
100.676
121.222
101.512
111.352
81.19
93.444
110.944
80.282
111.606
121.806
106.66
109.574
93.282
110.7
110.276
107.836
113.034
115.424
97.296
100.186
88.092
105.21
104.622
130.656
81.244
105.808
116.61
85.018
80.958
93.858
89.748
93.464
94.886
82.088
91.57
116.104
89.506
78.572
96.302
116.598
103.65
103.866
94.582
86.522
99.686
95.344
86.19
87.846
90.832
83.83
88.972
107.888
88.962
95.172
101.994
80.366
89.836
82.782
96.376
81.838
71.936
110.524
120.838
90.254
98.56
99.84
102.602
95.024
90.466
98.924
101.262
96.364
82.538
108.666
85.58
82.602
96.212
86.224
121.616
91.51
105.548
136.66
91.944
96.904
107.592
93.566
101.588
70.388
85.136
88.2
130.522
103.328
103.998
84.942
106.542
90.866
121.338
113.398
99.824
88.446
88.092
86.358
91.432
104.926
95.434
99.118
88.286
102.926
86.078
98.34
73.938
97.804
111.504
107.958
90.894
80.936
80.6
104.078
98.476
125.174
77.352
115.012
95.36
88.966
95.42
94.424
109.068
82.598
110.354
107.122
128.394
126.108
106.136
90.886
100.672
85.674
94.068
110.152
106.82
118.866
105.06
96.548
115.424
77.772
92.434
88.012
91.972
84.04
102.2
108.326
86.544
112.992
119.49
91.45
106.638
84.394
91.65
81.59
98.706
107.892
90.444
91.664
92.982
87.334
130.078
103.366
91.642
95.688
99.628
126.246
121.472
98.338
93.494
112.482
94.732
77.71
109.732
97.754
111.358
114.53
72.41
94.33
105.262
114.968
98.312
106.73
96.256
85.614
132.13
95.55
99.498
83.826
113.686
107.64
111.77
105.032
70.64
97.062
82.626
112.334
117.536
124.41
103.668
107.958
106.662
92.386
88.38
79.356
79.884
117.074
111.562
98.63
100.14
89.266
84.222
128.94
88.624
109.89
114.532
99.284
86.354
104.222
83.546
125.658
118.014
88.854
107.144
111.612
93.944
105.63
101.944
105.26
113.422
113.368
101.694
130.436
87.118
124.69
92.368
114.518
110.18
102.62
103.87
108.034
117.48
112.906
98.346
94.028
114.28
138.4
111.086
98.478
85.72
102.646
121.04
103.79
95.332
89.464
98.674
89.718
99.432
113.854
97.604
104.866
80.938
87.19
90.3
105.3
92.008
79.744
102.3
103.582
104.524
132.17
105.89
109.544
107.414
114.836
93.504
125.538
92.26
101.492
132.534
79.468
84.472
106.526
78.384
99.044
88.13
93.44
92.828
89.61
111.906
85.364
102.908
94.966
83.712
91.308
117.7
130.248
90.18
113.642
95.208
88.436
97.952
75.546
92.668
112.392
113.478
96.792
101.67
81.886
104.862
91.07
120.99
78.496
79.908
100.506
76.182
124.028
100.048
103.858
119.194
98.996
101.948
97.452
78.082
94.684
100.986
130.164
103.802
81.644
91.7
97.264
84.104
98.718
83.336
94.476
119.776
110.32
124.756
82.142
79.292
107.308
86.294
75.296
103.194
95.574
81.958
77.876
128.356
75.894
109.276
113.844
111.286
116.718
97.258
94.652
92.394
92.304
86.39
96.536
127.272
78.884
95.048
113.812
95.176
87.882
107.062
121.9
96.43
81.902
85.802
108.948
102.39
79.732
89.324
114.886
112.182
89.46
108.534
95.852
99.774
94.652
60.792
108.918
115.988
91.098
110.666
127.158
87.176
85.306
99.658
102.022
89.844
122.744
99.906
114.822
82.094
86.254
117.932
100.978
76.31
113.468
99.586
103.142
106.4
87.814
108.326
87.132
96.924
85.918
102.134
115.516
101.882
90.25
121.744
105.868
108.156
106.364
95.974
75.152
91.764
107.612
82.888
90.56
101.99
118.348
130.772
107.576
95.982
84.948
103.41
102.436
87.038
119.174
88.776
102.14
104.186
99.956
102.704
91.766
90.996
106.364
99.268
120.216
95.698
80.946
109.424
93.232
87.524
97.662
94.002
103.324
89.948
118.2
76.404
97.258
84.362
114.56
103.59
102.312
102.958
115.752
86.904
90.278
98.514
92.868
88.516
110.63
98.446
86.532
83.572
121.168
101.09
80.866
111.754
128.628
93.806
84.35
113.69
93.656
89.182
95.012
98.142
113.1
93.382
91.094
66.204
85.508
83.402
85.156
94.232
110.74
79.94
87.512
76.708
112.188
133.526
101.392
115.084
91.588
91.892
88.526
104.854
119.498
82.856
127.538
91.48
99.78
93.416
74.556
137.822
102.362
119.276
101.37
125.706
91.086
104.768
100.876
106.746
107.644
87.35
97.518
104.184
150.52
82.76
137.24
94.448
99.966
85.868
97.636
117.636
124.238
78.066
92.078
132.788
91.686
88.158
97.196
80.6
125.356
123.68
87.94
107.73
105.38
94.29
108.956
91.622
88.338
95.634
92.19
100.92
92.626
96.116
108.362
90.574
111.64
91.472
100.508
87.552
90.168
117.936
99.278
85.626
99.358
89.84
81.712
81.296
84.098
92.736
84.668
109.042
98.264
70.486
85.716
94.258
81.97
127.242
108.35
77.49
102.198
103.128
89.424
100.312
116.69
71.17
116.248
98.19
103.866
104.9
95.92
89.954
109.35
103.138
95.014
93.014
80.498
92.078
111.822
95.18
130.998
82.434
113.876
101.316
100.328
94.7
112.878
98.798
101.93
105.59
93.892
99.096
106.89
111.41
95.97
83.08
81.634
99.944
84.066
85.522
109.016
116.032
91.336
84.078
94.252
131.52
108.8
86.154
89.162
100.234
122.282
107.286
111.318
98.04
97.854
90.712
89.312
109.196
98.19
97.178
105.892
103.554
107.998
111.308
114.392
86.142
109.236
101.994
76.636
115.366
114.23
106.51
70.198
71.248
108.226
94.384
97.38
74.8
113.66
90.098
88.442
78.558
105.388
125.686
64.57
98.9
72.264
84.03
88.866
89.582
78.97
97.99
110.92
99.136
112.272
99.246
112.474
139.548
104.89
89.034
118.2
99.504
120.37
106.232
107.702
104.906
125.622
110.252
74.362
104.06
82.922
95.802
112.616
97.5
95.962
90.692
89.718
87.046
116.484
106.372
106.328
98.764
88.604
104.202
94.2
133.92
119.506
94.476
75.864
106.928
81.208
99.366
89.83
110.936
102.31
92.556
105.224
89.402
128.678
93.84
106.14
86.426
100.762
93.666
106.176
99.818
101.896
102.338
102.258
93.71
100.41
102.576
110.846
88.856
102.096
105.912
89.902
134.996
78.274
83.836
101.724
109.386
85.518
111.236
92.818
93.776
115.6
103.214
90.576
91.46
103.994
104.516
104.95
106.788
113.654
64.204
81.034
93.986
108.518
100.688
81.744
139.704
121.68
78.956
85.804
113.384
104.282
88.274
110.664
96.65
106.552
90.356
99.72
94.67
96.384
102.996
88.734
106.078
97.448
115.69
81.348
106.08
94.782
80.112
96.978
88.604
102.168
113.71
87.79
117.47
105.722
88.762
102.118
105.608
92.69
78.68
106.64
87.656
91.27
92.926
100.942
129.088
99.468
98.792
88.888
77.21
120.126
98.262
98.942
88.662
76.298
100.056
107.262
101.972
100.518
93.58
91.718
82.918
100.548
75.46
99.408
99.52
94.596
90.194
92.044
88.192
87.37
92.668
122.884
107.712
106.678
93.358
113.176
81.35
94.144
72.474
109.774
123.042
103.166
95.172
74.504
79.338
141.776
106.13
87.904
97.526
124.992
76.634
90.728
117.546
108.294
84.746
106.84
76.73
99.078
75.768
116.238
88.798
92.91
108.434
99.662
92.37
90.268
85.494
101.394
80.136
78.876
110.832
93.006
91.544
95.292
107.648
104.46
118.558
88.994
106.918
106.56
86.96
96.552
99.516
98.874
123.05
99.492
74.276
75.548
88.048
114.08
76.806
113.106
97.782
72.796
113.71
96.128
80.882
79.958
109.56
110.052
99.278
85.022
111.724
99.844
108.058
89.022
86.902
82.14
83.686
96.098
97.4
75.356
91.898
111.562
85.434
87.95
88.858
106.816
90.962
99.21
97.792
97.562
87.428
98.778
109.704
90.154
107.21
108.09
100.304
94.158
109.618
93.184
135.408
82.336
83.46
100.802
99.2
81.824
107.11
79.27
91.852
109.266
104.624
139.228
90.556
82.446
94.882
84.258
89.928
93.634
81.306
98.904
130.598
80.37
120.148
90.252
113.904
94.294
117.73
96.68
108.92
108.346
113.326
97.53
70.106
77.922
113.624
126.826
109.452
101.994
89.406
96.338
108.202
87.162
87.85
98.686
95.392
95.598
117.254
84.904
108.114
115.906
107.328
78.07
103.798
89.768
84.47
111.214
77.11
113.756
114.522
94.94
95.488
118.714
84.498
89.16
130.944
143.3
136.068
94.426
128.85
84.08
96.282
98.132
96.364
126.622
115.798
107.946
93.414
113.928
109.682
86.92
116.96
100.666
85.942
100.778
114.364
102.308
106.924
83.742
102.916
94.016
116.602
132.16
105.018
76.922
86.422
77.932
109.938
103.738
83.742
80.522
93.19
111.776
98.85
102.834
89.902
122.618
94.26
104.632
105.406
93.626
85.836
114.348
98.844
109.924
81.46
112.484
92.362
94.038
79.216
98.738
115.916
134.282
86.85
108.644
123.208
117.396
75.146
100.126
93.948
95.412
88.812
103.494
100.586
88.592
69.424
97.508
86.21
107.024
110.704
82.224
121.86
95.57
128.096
112.496
129.664
65.784
80.254
102.114
111.366
93.754
114.918
96.268
90.784
89.468
91.546
92.304
97.082
101.888
128.92
101.31
105.468
101.074
114.314
110.306
120.7
88.658
117.074
100.58
106.782
95.508
104.526
112.07
110.866
95.724
105.452
99.328
97.126
99.594
102.478
100.768
104.632
106.998
81.02
109.85
74.004
106.542
101.444
91.314
111.122
81.842
76.344
115.336
106.09
85.788
110.07
109.012
78.174
98.208
85.31
82.724
89.462
105.608
90.796
96.742
89.224
114.538
95.194
85.436
116.472
87.518
112.69
122.994
97.69
74.862
85.808
93.732
80.586
118.228
106.55
119.704
98.182
86
106.384
122.194
82.058
89.528
109.964
118.78
79.26
74.81
96.974
116.302
86.4
87.432
103.36
112.134
84.65
105.108
109.532
84.672
131.834
87.584
108.884
57.738
92.02
104.722
96.38
115.646
96.052
110.714
103.15
83.922
104.554
89.046
119.108
110.718
94.028
96.554
92.62
92.104
124.024
88.308
90.164
108.86
102.434
94.714
103.964
93.366
99.844
95.874
82.142
84.326
101.45
87.5
107.512
76.4
83.81
124.996
100.368
81.214
93.942
67.31
80.846
88.232
97.6
97.106
98.734
94.412
93.314
117.514
111.488
100.788
104.976
112.818
80.288
119.112
98.852
105.612
91.402
88.83
93.82
101.048
76.676
101.502
92.214
160.552
123.608
105.022
99.092
88.806
97.452
100.34
79.232
95.31
105.892
107.268
99.934
113.044
121.644
70.434
107.904
99.044
109.996
109.776
139.208
104.528
96.048
110.47
89.614
71.252
96.754
87.792
89.288
94.07
104.964
105.728
81.756
92.128
86.798
112.85
112.592
119.528
103.542
101.086
98.25
119.794
110.646
79.83
118.572
117.25
86.112
101.43
87.186
86.25
55.63
101.882
114.33
109.612
110.678
112.398
116.61
110.378
96.35
107.226
115.256
92.818
109.714
103.154
76.02
91.886
79.018
114.654
81.246
93.598
96.616
147.108
103.076
88.492
119.024
80.664
95.03
103.854
117.198
87.15
93.752
117.982
86.334
98.682
99.768
94.186
107.516
83.782
91.974
107.482
105.428
79.134
102.642
89.738
110.68
113.154
84.322
92.468
94.748
103.878
100.144
104.618
96.578
95.52
104.556
85.996
119.794
112.802
124.096
137.108
106.422
92.406
96.648
112.106
65.606
99.354
118.598
122.476
117.114
108.688
108.14
93.306
69.266
109.058
120.048
55.968
93.63
117.648
91.872
86.542
101.46
116.054
113.08
90.932
86.834
100.668
85.23
82.604
98.03
96.802
96.69
81.818
95.08
105.406
84.736
102.046
112.194
88.274
130
94.818
98.082
105.394
77.548
102.558
98.708
98.968
91.61
123.73
84.234
82.756
84.738
88.46
131.722
73.654
99.546
108.694
93.602
90.172
103.252
110.946
89.852
99.96
79.654
113.608
99.464
95.89
98.784
98.288
113.99
111.328
92.832
92.316
85.522
78.04
90.894
107.576
115.852
81.488
87.934
101.384
91.758
102.772
143.644
90.446
77.444
96.426
79.188
100.734
128.614
91.34
94.504
97.904
103.264
91.274
80.736
102.46
96.072
108.862
86.572
126.95
101.604
95.154
93.098
87.342
108.816
88.834
115.828
124.146
91.718
96.618
87.77
89.982
85.866
91.974
125.924
85.654
101.138
103.34
90.294
88.152
81.36
93.172
103.696
89.18
79.534
95.172
94.666
123.122
106.26
93.728
85.126
102.092
88.262
79.956
98.428
113.8
103.428
76.572
97.8
79.85
77.85
112.232
93.322
102.446
100.498
62.436
95.15
112.808
78.932
96.888
115.128
85.348
118.22
96.264
116.12
106.056
125.73
111.034
118.864
88.874
80.45
93.736
112.47
113.65
83.368
123.302
74.982
83.76
126.514
107.692
85.366
92.326
91.912
90.648
96.742
104.204
101.084
94.356
73.606
109.902
86.344
83.926
119.518
113.26
120.914
124.94
85.968
83.652
87.068
98.468
115.406
91.62
100.522
86.386
83.874
103.344
95.882
108.538
95.27
98.276
99.324
88.916
114.316
130.82
117.764
93.946
99.426
88.552
88.89
91.966
78.012
89.902
100.002
81.244
85.254
103.41
93.684
99.734
91.562
109.434
66.012
93.044
95.666
109.856
116.876
95.09
100.268
94.614
115.012
119.804
65.64
104.468
87.302
75.738
109.326
114.872
93.91
81.544
86.44
107.328
103.19
89.422
93.41
81.71
106.086
101.478
118.618
87.166
80.728
83.114
103.758
109.168
101.814
88.61
111.166
89.536
115.834
110.086
105.836
81.466
111.75
115.856
91.548
103.91
109.514
106.474
95.574
76.492
96.428
94.828
96.104
119.736
100.016
128.818
81.76
110.436
103.718
92.758
94.474
116.012
81.354
75.57
87.87
85.218
89.256
98.306
81.872
93.208
91.5
84.482
101.208
102.594
87.028
103.5
105.424
86.346
109.006
112.408
88.294
101.606
89.562
87.18
97.984
81.768
127.32
94.614
106.722
94.408
130.61
92.7
78.314
110.222
100.268
86.192
117.794
83.082
97.804
89.846
81.606
97.028
99.934
112.662
103.958
101.15
121.674
121.466
104.156
116.044
102.608
88.494
104.144
85.748
117.108
82.332
102.746
99.248
111.592
98.592
128.31
104.416
97.046
98.812
111.724
95.366
74.358
90.248
104.574
128.056
113.958
88.376
101.7
85.434
100.276
117.482
79.938
100.492
87.818
107.692
85.022
64.2
97.94
117.282
105.868
65.158
93.698
93.936
116.78
98.774
98.328
105.774
77.402
97.682
79.998
94.72
88.582
96.116
125.556
121.914
112.82
92.432
113.2
123.814
90.906
99.136
99.764
97.678
92.026
79.414
121.27
88.47
108.058
95.692
86.09
94.734
126.318
84.104
101.534
91.578
76.538
94.988
84.57
100.92
88.608
97.226
105.886
121.104
101.886
115.088
97.882
96.818
90.084
98.362
83.096
78.442
94.128
91.18
77.272
80.8
91.824
104.046
112.4
116.646
83.54
117.08
79.83
125.378
111.644
78.444
92.42
121.978
84.47
118.462
115.362
91.662
122.774
81.386
87.322
73.354
86.688
106.054
81.166
98.386
150.038
79.068
87.734
104.956
103.184
115.186
99.634
95.316
118.676
94.77
73.432
95.684
101.992
89.514
110.988
84.602
102.914
92.64
118.33
125.79
99.672
96.434
89.492
69.722
85.946
133.53
111.942
103.188
96.308
122.918
82.794
98.57
95.548
119.82
104.468
90.618
101.068
99.626
81.974
69.31
83.152
83.61
126.898
103.516
81.48
85.908
92.966
87.558
96.974
104.064
95.076
77.94
100.598
95.552
96.226
89.898
86.3
108.656
102.464
102.734
97.52
80.722
102.35
90.566
85.148
90.404
92.714
128.304
105.164
78.272
106.492
105.254
87.736
117.048
122.604
111.412
75.826
107.156
104.152
102.848
123.8
86.314
98.164
75.744
106.302
91.224
96.74
118.14
85.028
91.738
87.662
90.534
90.324
97.388
74.524
109.746
94.02
96.924
86.182
103.936
129.428
96.47
107.582
93.318
110.318
91.158
109.746
92.154
100.466
107.492
87.67
91.306
73.054
108.518
93.08
92.876
102.564
77.91
95.194
104.822
95.83
79.636
92.004
86.09
100.576
90.02
95.344
98.29
88.806
116.428
82.812
71.744
94.324
91.194
112.774
90.544
93.01
113.652
108.91
98.062
85.352
95.694
99.15
126.226
99.632
90.708
98.064
88.034
76.666
98.652
93.228
90.666
81.094
109.34
86.068
115.864
73.05
111.254
80.32
84.762
71.09
74.87
100.642
97.74
83.312
91.596
93.598
76.494
91.252
88.732
90.776
110.35
127.694
114.766
102.314
108.128
118.176
78.336
100.568
82.05
83.004
102.644
80.034
102.768
101.89
68.22
99.142
106.43
89.14
127.464
137.094
106.338
100.394
92.628
103.68
108.294
81.272
113.178
115.142
96.254
88.774
107.618
82.46
117.508
117.476
108.106
76.956
100.446
105.258
92.636
101.998
115.198
89.026
102.824
114.838
87.022
84.438
95.874
108.44
84.706
81.178
73.65
108.47
89.78
91.898
107.276
87.79
99.032
97.206
77.894
134.85
92.774
107.342
108.802
93.506
103.566
88.958
88.852
86.022
86.342
100.528
113.468
100.058
83.872
84.65
105.478
93.856
91.822
113.27
120.274
126.37
105.708
85.43
91.124
83.436
75.072
77.314
100.556
109.882
145.072
99.692
81.566
124.178
112.776
74.458
93.486
87.436
73.592
101.31
93.072
115.806
92.626
80.85
100.222
108.644
97.77
95.812
84.154
77.014
85.512
82.362
80.526
125.008
96.858
86.364
106.274
97.682
85
101.766
82.708
115.474
86.27
98.7
131.616
101.528
88.428
120.282
107.33
113.376
82.164
121.126
92.898
67.952
100.088
81.614
106.078
89.376
76.402
97.952
70.754
96.524
91.114
98.47
84.646
123.454
97.358
92.922
83.776
93.26
83.442
113.762
91.5
118.04
86.01
87.926
93.216
82.816
92.468
101.216
80.958
82.434
105.666
85.568
94.65
89.864
92.958
103.308
95.54
95.604
96.1
71.96
97.102
121.786
110.498
85.766
88.548
110.562
93.878
107.132
87.532
93.448
97.268
104.99
84.274
114.02
99.634
125.884
112.41
109.892
113.4
104.574
88.35
100.406
122.94
99.518
94.418
94.392
100.982
89.766
103.468
88.742
93.864
88.668
96.234
90.136
82.204
105.044
95.214
96.868
97.57
102.276
79.466
83.588
115.04
92.972
73.784
88.23
97.572
102.016
94.372
79.958
106.71
88.956
90.078
103.584
100.67
94.808
102.528
94.252
120.502
123.78
74.102
93.952
115.014
102.672
97.518
96.436
87.926
97.882
117.872
94.78
105.36
78.092
96.86
108.056
86.006
63.334
103.156
106.43
103.01
116.18
95.056
97.178
98.008
85.118
93.66
129.828
107.148
94.836
112.808
100.404
93.204
69.354
94.208
111.024
96.326
101
102.1
104.016
99.092
92.814
90.322
94.544
85.56
86
100.9
85.58
106.612
114.416
106.984
83.79
113.98
88.214
104.97
92.306
84.522
108.288
103.96
96.796
107.5
107.332
83.822
77.828
90.242
124.024
111.824
104.89
96.676
79.118
117.492
110.162
115.306
100.036
99.324
92.394
89.824
91.938
81.654
90
75.706
85.848
74.12
135.194
98.86
90.94
96.588
86.382
83.704
90.578
88.574
100.712
96.122
102.284
125.442
80.338
78.8
106.08
106.914
96.274
104.518
88.016
96.254
90.434
91.468
102.958
117.592
78.334
86.714
62.192
86.35
79.264
93.28
96.152
94.27
103.264
106.142
91.26
103.096
79.416
83.514
111.72
134.474
96.586
93.09
78.21
92.77
106.532
108.538
94.784
93.354
84.26
120.906
89.992
87.244
76.198
109.38
82.406
99.674
97.418
78.094
92.148
100.274
85.806
86.39
98.428
100.676
112.378
113.908
92.788
100.288
135.1
93.392
65.164
91.796
77.102
79.854
94.038
90.636
87.594
110.322
128.58
126.626
96.674
99.388
76.608
117.332
100.492
90.734
115.27
106.028
111.196
115.886
109.64
90.186
100.906
118.854
127.326
99.578
82.144
101.438
95.518
101.788
72.536
85.306
101.482
108.908
97.884
102.442
80.236
93.736
86.312
114.03
96.694
79.772
100.604
78.342
87.53
109.168
83.608
108.582
95.38
100.302
93.234
103.074
128.878
92.818
96.46
122.724
112.658
87.054
123.814
86.032
90.672
116.754
99.282
72.64
90.15
103.77
85.748
128.676
117.186
96.084
107.946
92.84
111.37
96.86
121.474
99.238
98.6
115.956
106.14
83.586
107.502
91.04
90.746
75.272
74.718
103.518
89.836
84.598
113.5
96.028
102.042
95.968
112.674
60.086
74.794
113.996
111.49
102.518
100.762
113.254
83.71
120.354
87.296
110.28
111.326
79.106
77.552
87.16
113.01
91.014
106.542
77.436
125.242
119.216
100.594
75.732
95.722
94.122
121.786
103.55
81.79
99.904
117.994
97.158
96.784
113.468
104.872
117.396
104.93
84.474
114.194
93.532
101.472
93.978
93.09
107.226
99.25
100.918
110.572
96.422
80.676
112.844
86.558
83.286
87.576
144.782
104.926
98.302
86.134
67.794
104.582
112.544
101.32
80.978
103.798
108.072
97.128
99.518
105.998
110.408
73.842
108.034
102.708
93.454
99.68
89.04
112.112
83.498
106.644
89.854
78.406
100.016
102.412
113.538
76.918
89.204
98.334
114.322
90.774
106.144
81.284
77.364
98.758
93.032
123.91
98.25
68.91
127.376
97.946
87.394
92.776
86.952
100.562
99.378
111.32
100.02
106.476
98.8
100.422
96.684
117.556
112.352
101.168
107.516
103.988
81.966
108.314
123.124
112.22
95.746
72.95
116.306
106.376
104.124
84.362
97.104
124.178
89.974
86.344
105.628
92.238
102.604
97.348
103.42
106.084
91.864
94.488
102.798
92.334
134.204
90.214
78.818
123.89
90.604
101.046
106.484
85.24
99.12
111.42
109.626
102.376
106.108
74.288
95.212
118.648
103.044
120.498
124.374
69.95
97.54
84.684
108.076
81.268
108.274
119.816
108.504
96.6
119.574
90.294
95.278
96.288
83.364
83.308
76.902
91.394
95.604
94.162
110.338
103.898
97.616
95.05
110.216
94.156
98.398
90.818
107.946
97.058
112.47
93.586
71.188
96.296
81.42
97.22
137.838
99.41
125.338
104.768
96.006
91.496
89.748
75.596
107.552
113.134
100.04
95.336
91.252
101.514
80.924
86.164
93.258
100.41
91.194
103.166
93.446
107.93
85.59
107.866
128.21
92.224
80.63
99.584
93.984
117.244
109.962
95.956
113.368
114.71
110.506
86.324
102.238
89.324
98.372
109.816
81.452
71.1
97.628
85.034
85.798
79.46
119.236
82.794
85.664
102.096
94.918
106.732
114.3
80.166
99.092
112.216
81.878
106.056
96.656
110.946
88.936
128.418
121.236
100.208
101.332
99.384
112.58
98.728
103.694
108.244
88.23
93.568
78.41
74.234
93.15
139.686
90.758
103.844
89.584
97.172
88.504
76.728
106.416
101.894
120.202
79.912
111.02
116.09
90.354
110.578
65.752
82.156
89.926
148.756
114.302
93.754
107.46
110.142
84.908
102.77
77.906
113.692
108.282
76.3
108.986
116.646
105.318
92.426
71.716
82.634
129.934
113.046
103.56
112.168
92.034
83.184
100.982
106.966
113.62
114.066
88.336
88.444
115.626
120.598
99.368
82.208
92.916
106.592
81.36
90.77
112.388
108.672
98.032
110.444
93.922
117.028
104.694
99.818
93.9
114.28
104.536
87.9
99.432
133.012
79.21
91.848
96.434
95.894
130.668
124.244
83.956
83.174
92.216
97.66
125.058
75.308
97.8
107.07
122.778
96.074
107.282
103.918
101.23
103.638
98.314
100.552
118.056
102.368
95.5
115.146
146.176
85.838
73.964
86.55
109.042
104.354
113.886
78.234
113.266
93.386
121.662
81.528
103.774
85.774
86.57
111.178
105.518
77.996
125.886
81.704
105.278
93.7
100.818
104.172
84.402
94.828
111.91
103.004
122.498
104.918
92.77
90.43
125.476
117.466
75.87
106.052
98.712
91.648
95.912
128.656
98.8
95.376
110.488
131.652
107.706
87.528
93.752
130.66
77.872
111.986
106.348
102.394
108.758
115.122
76.136
108.738
75.12
83.738
86.942
92.144
85.022
120.032
99.164
86.906
79.72
75.77
90.346
137.104
90.22
100.806
81.512
91.656
75.256
108.264
79.6
86.66
111.81
110.316
107.842
100.472
113.302
92.118
94.256
117.09
102.766
101.62
72.854
114.544
122.832
87.916
68.956
97.828
137.414
104.744
101.156
77.868
104.75
116.074
100.342
118.64
113.098
105.854
76.808
102.59
109.816
81.81
120.528
75.566
101.018
101.37
88.654
88.082
115.95
120.426
109.516
85.134
115.012
112.204
96.878
101.312
84.212
120.316
106.786
88.104
101.636
95
110.902
95.674
72.014
103.488
106.858
75.52
90.996
102.934
106.264
73.342
98.866
90.708
97.344
95.862
88.218
107.622
99.104
88.422
120.426
107.35
99.524
83.222
100.708
127.188
80.086
97.576
66.222
82.886
115.092
68.446
86.9
116.126
120.676
108.316
125.568
89.47
90.136
122.44
98.346
89.576
111.646
110.274
184.058
124.518
113.758
96.32
76.486
97.204
92.654
90.216
79.15
74.738
98.512
123.662
104.236
80.316
127.072
87.836
97.85
91.86
61.53
95.924
112.404
101.594
110.418
104.52
124.57
99.936
106.754
99.746
85.122
89.3
103.218
101.608
82.762
100.298
99.186
94.202
81.688
129.75
94.742
122.666
114.126
80.418
75.206
108.76
98.766
94.718
87.954
103.46
97.158
133.468
113.492
87.32
119.456
108.21
92.956
95.75
90.28
110.528
85.232
90.828
103.152
121.464
88.02
101.366
106.06
109.894
106.48
87.284
107.82
77.688
95.268
101.628
98.87
78.884
82.818
87.88
90.762
88.362
97.004
97.462
104.782
88.27
91.858
98.166
97.756
113.204
104.12
93.73
103.104
93.222
79.844
112.286
81.72
100.658
104.946
73.928
101.332
102.818
67.752
75.228
90.824
110.828
107.088
86.894
96.312
120.622
77.018
139.776
92.18
79.56
86.848
112.234
98.318
92.916
80.03
95.246
74.948
100.616
99.988
91.302
72.868
88.174
101.398
78.45
105.608
83.098
143.886
78.182
102.206
98.706
93.114
89.664
93.74
87.82
83.794
97.278
113.898
99.482
85.82
84.918
98.422
95.616
82.502
115.612
103.694
81.458
90.404
87.476
89.884
94.542
105.73
101.368
99.816
115.822
97.498
87.872
93.776
66.306
105.708
108.914
86.708
101.118
75.024
103.436
72.13
98.872
69.142
101.548
89.15
119.68
102.106
93.688
95.728
82.498
100.006
108.468
133.206
99.682
103.678
110.754
108.962
88.174
103.922
100.92
96.23
95.982
121.18
79.904
91.466
75.652
84.088
87.91
109.402
75.318
105.984
97.114
95.802
95.386
116.85
95.904
92.834
71.858
87.638
88.362
82.254
105.924
77.148
124.114
97.868
98.586
90.376
111.572
92.368
110.838
92.184
108.328
98.712
105.18
116.438
105.212
108.484
79.568
101.39
80.33
85.868
101.744
86.758
103.096
112.58
86.632
94.758
120.944
85.42
68.402
77.896
104.694
90.832
98.63
119.728
91.158
105.584
98.582
110.2
91.478
102.266
115.238
103.044
94.642
77.48
94.28
71.806
90.95
97.672
97.626
104.088
91.76
100.122
96.77
93.784
96.69
109.95
80.78
84.75
105.32
90.156
116.706
97.558
86.45
95.966
100.876
109.566
111.138
105.114
105.04
99.746
80.692
113.09
97.954
98.276
91.394
97.434
99.312
92.278
84.32
95.524
105.806
109.916
115.842
84.942
92.634
105.858
107.254
103.796
99.526
86.252
99.144
85.572
111.156
90.112
106.152
128.812
103.022
80.652
89.818
126.558
112.244
88.912
80.366
123.12
107.88
101.896
89.486
95.084
122.064
80.216
92.016
75.642
89.234
111.712
94.622
112.13
101.55
105.836
112.192
97.338
110.184
113.522
84.118
72.64
104.076
119.656
116.7
83.856
97.05
70.612
94.55
111.618
109.774
99.734
94.308
68.266
101.034
109.896
86.678
133.41
105.152
73.616
124.45
70.344
105.372
101.88
99.508
115.244
98.284
109.744
71.432
90.788
89.99
105.632
123.706
113.57
116.21
100.522
92.744
96.494
67.024
94.324
122.038
72.676
94.744
81.828
97.192
93.42
115.058
110.634
104.982
97.67
110.196
81.136
79.45
116.7
85.016
83.7
89.764
90.862
129.072
95.034
101.474
110.096
90.902
105.488
103.426
94.662
100.542
97.446
98.792
119.34
113.938
103.952
83.696
70.528
89.132
98.962
109.218
100.308
101.354
95.594
105.84
107.58
118.666
125.036
116.004
95.984
115.058
120.452
84.99
73.662
89.968
93.89
101.178
79.782
107.696
97.628
97.748
104.84
80.49
101.622
95.11
119.688
111.604
85.368
80.976
73.348
93.762
88.086
94.734
101.146
84.002
103.08
96.452
122.108
110.34
62.898
110.722
97.088
95.31
104.356
97.354
114.822
90.742
105.282
98.16
86.43
90.43
82.418
91.052
110.276
91.648
98.538
84.874
105.704
101.098
62.722
99.41
91.336
98.164
109.058
80.784
141.202
86.15
112.174
91.366
105.134
87.01
112.2
90.934
94.504
100.244
112.762
94.434
82.658
104.638
91.034
79.848
109.852
108.822
103.776
151.83
116.512
69.828
108.59
80.352
115
98.714
90.652
113.354
102.732
107.586
107.754
70.888
106.68
94.14
147.548
108.68
91.686
92.612
110.546
111.768
86.732
130.392
87.65
107.636
102.95
116.81
63.178
95.16
99.778
119.078
93.714
110.774
127.482
93.164
89.456
91.366
81.898
98.994
103.292
114.216
95.274
102.32
105.03
115.824
92.986
87.324
115.788
116.004
111.938
87.574
109.692
99.914
97.342
90.996
92.058
87.216
94.67
101.884
89.394
92.29
93.19
114.258
108.072
76.574
116.15
67.84
67.196
90.364
93.44
116.656
91.932
76.114
82.2
116.628
95.84
85.692
107.568
90.936
95.046
89.158
87.94
100.28
97.64
81.878
114.122
119.846
89.4
131.804
95.106
94.016
113.574
109.54
103.99
92.136
98.044
103.21
103.182
80.57
85.296
107.866
112.774
103.4
82.868
108.41
104.762
87.144
103.232
106.404
93.11
85.992
136.328
115.962
102.38
81.818
80.058
104.808
96.508
103.1
93.11
110.93
94.772
81.09
93.99
92.11
125.382
97.148
87.082
104.256
107.058
102.068
117.086
114.842
83.654
75.956
106.018
87
104.008
96.12
110.568
126.392
107.856
99.156
104.118
95.042
100.766
110.17
96.232
106.592
90.674
92.478
85.222
116.352
109.076
109.076
103.132
118.386
97.254
87.64
124.802
112.264
75.698
105.928
88.626
93.926
101.962
100.21
93.366
82.916
110.124
102.038
72.244
83.476
106.182
84.742
89.13
79.468
114.01
90.076
106.334
105.704
100.414
100.98
105.402
117.11
93.612
85.266
102.166
69.956
83.532
102.256
76.958
102.402
97.08
96.638
94.93
110.394
93.43
92.626
117.01
103.268
135.198
105.744
121.644
97.994
105.888
66.098
89.458
103.186
106.25
74.706
92.272
109.976
108.514
99.898
107.072
85.36
99.416
77.22
81.318
101.388
89.022
95.534
85.99
99.334
117.134
111.694
103.516
112.364
107.634
85.022
89.844
97.866
101.3
69.508
90.86
104.366
93.604
75.06
94.09
115.804
89.7
91.486
83.332
108.688
103.24
107.76
97.294
92.006
82.66
86.88
101.52
105.088
108.908
88.812
104.942
88
82.098
80.962
83.05
101.654
103.922
99.346
91.264
112.808
99.066
91.428
117.672
99.208
119.22
98.646
119.796
88.652
88.634
102.978
125.264
96.89
102.842
121.728
91.64
135.98
103.44
76.684
76.71
74.052
111.006
109.934
124.936
108.528
106.068
75.752
77.522
106.632
102.058
74.59
99.37
108.462
100.966
90.282
79.926
99.896
99.888
83.116
107.012
114.514
80.812
105.588
100.83
114.388
108.136
94.594
86.7
107.22
85.394
132.536
117.372
97.222
89.446
78.022
83.996
96.152
87.344
68.64
81.112
117.676
105.802
89.442
76.132
81.722
73.336
127.77
105.868
96.582
93.884
108.79
100.816
119.44
113.232
79.832
84.192
97.416
86.644
94.538
91.822
94.464
125.808
70.892
100.24
121.448
126.634
76.346
72.598
104.162
107.622
99.43
99.08
87.7
103.428
90.316
94.386
81.882
135.198
92.774
81.71
111.768
104.932
79.352
78.364
124.124
106.554
92.92
101.99
98.97
85.728
88.364
98.496
84.79
98.27
80.81
84.22
90.394
101.65
122.246
89.098
106.694
100.03
94.672
92.896
75.468
97.444
99.096
92.724
85.062
111.778
126.62
95.514
107.144
121.062
118.108
75.252
88.006
80.668
101.304
115.204
124.006
99.28
96.974
91.668
99.18
97.448
91.49
133.59
109.84
90.136
102.418
93.07
90.586
91.748
102.478
90.476
107.118
88.428
108.1
87.916
87.974
106.256
96.648
105.984
112.094
85.204
105.508
99.978
88.006
96.376
111.388
121.902
92.794
99.01
100.706
132.59
92.458
89.988
102.39
112.62
87.984
116.802
95.786
83.612
126.032
132.092
94.026
78.762
91.842
91.312
64.748
97.914
92.052
102.034
86.948
104.292
116.586
87.828
87.24
102.292
93.648
79.238
104.858
103.686
101.66
101.38
105.236
88.934
95.034
126.926
94.79
77.064
86.752
97.774
78.992
126.438
120.762
97.234
103.44
87.574
90.672
105.902
125.102
105.776
119.476
101.81
107.348
79.17
98.198
111.896
82.318
77.846
114.16
104.47
103.04
75.63
80.604
91.198
113.994
123.218
101.644
97.496
110.998
77.946
94.014
91.078
94.87
66.286
92.132
101.568
82.974
104.292
97.824
122.432
105.874
109.58
87.386
97.082
112.228
90.376
94.38
90.692
102.982
74.97
154.69
87.5
89.178
125.748
119.05
92.062
89.216
95.8
91.01
93.806
91
124.064
99.608
84.926
110.676
97.41
103.808
110.148
92.922
82.778
91.932
76.78
88.666
105.232
107.826
89.126
104.048
112
94.838
111.362
100.36
104.016
101.328
107.7
109.726
74.366
98.118
91.324
138.408
98.248
108.1
98.006
86.808
91.224
103.234
104.886
103.274
94.444
96.762
78.928
78.178
84.49
116.48
109.518
119.758
100.814
84.034
61.902
82.79
72.678
82.268
95.554
79.256
99.712
111.846
106.24
116.532
76.758
111.622
85.018
120.264
103.114
86.928
115.256
101.972
84.262
81.912
103.884
86.97
109.034
79.914
105.74
99.982
109.718
94.03
132.432
110.468
95.102
101.504
110.154
118.312
88.022
100.312
91.932
121.82
92.232
112.804
100.486
82.24
96.162
119.82
76.312
111.75
83.566
122.708
114.074
101.626
83.084
111.826
69.198
105.702
103.11
97.778
115.69
71.632
77.924
98.188
104.126
92.14
95.244
112.37
119.176
110.078
103.416
97.432
100.1
82.306
93.128
107.76
107.56
101.606
82.498
95.758
86.314
93.084
91.216
97.344
98.064
72.724
128.944
86.942
109.796
104.56
141.336
70.032
98.61
121.902
91.612
92.358
130.268
94.588
102.38
105.808
90.558
83.246
81.71
127.12
99.898
99.928
86.908
97.62
134.336
83.976
84.994
121.204
95.254
118.288
80.306
103.496
119.296
62.958
85.708
106.154
96.84
73.892
84.832
99.388
87.78
111.076
98.662
107.24
81.002
90.36
101.062
102.118
94.058
86.314
70.522
74.942
119.008
108.524
81.04
100.83
98.152
83.604
96.648
103.768
83.332
90.182
97.824
97.038
112.702
69.56
132.734
85.158
99.528
86.088
91.69
109.746
76.948
106.308
89.55
92.388
87.752
109.096
86.674
79.274
87.306
106.434
100.714
102.632
77.25
101.906
102.624
94.924
104.15
111.176
88.85
77.39
100.866
90.206
87.036
90.1
82.066
118.996
105.528
81.776
97.746
115.214
113.212
97.738
98.19
77.22
108.02
86.696
91.904
85.132
108.704
103.326
78.82
89.514
98.084
101.18
94.352
84.084
104.578
75.03
97.516
88.936
106.572
100.062
115.398
105.034
115.77
78.976
115.312
96.284
96.898
83.106
101.354
99.24
83.264
121.756
76.548
121.194
108.378
84.322
91.232
99.292
109.116
123.17
86.26
117.412
104.62
78.886
108.154
116.852
83.2
100.062
96.266
102.522
93.96
76.594
95.146
110.48
92.202
96.042
117.844
134.828
83.228
84.65
108.472
98.46
105.666
109.698
105.106
89.284
95.766
101.274
117.77
101.932
96.032
118.732
100.3
107.44
112.52
92.288
116.724
117.284
96.838
89.042
100.104
103.66
106.916
97.998
86.268
85.43
93.714
91.292
110.794
67.198
112.98
113.206
100.038
91.048
91.452
99.576
91.84
103.672
86.766
96.594
130.496
121.902
102.208
93.354
120.286
102.24
100.8
121.47
94.55
106.098
117.644
84.284
95.004
120.856
90.15
108.554
97.042
116.588
110.992
78.794
84.65
98.736
131.016
96.908
76.558
90.1
102.202
104.844
104.854
131.604
81.486
86.542
77.088
117.018
80.696
123.732
78.296
85.514
93.376
105.158
88.616
118.986
102.57
90.484
83.988
89.586
96.008
115.386
90.39
92.514
96.964
77.98
87.156
121.072
109.046
109.46
96.812
116.526
118.226
77.284
117.528
92.062
101.63
69.272
114.322
104.48
108.944
102.582
86.676
124.528
87.052
96.298
112.43
94.194
106.262
87.578
97.764
102.152
104.194
140.604
110.162
78.016
101.168
114.81
101.588
88.168
101.348
73.338
94.586
96.918
98.518
91.356
89.546
95.814
74.388
91.02
84.51
107.248
90.984
117.596
84.95
110.254
112.562
117.134
97.026
109.258
114.234
100.38
82.366
97.616
117.818
97.626
83.172
73.862
74.49
120.3
121.924
103.536
96.1
109.904
82.84
84.642
94.506
88.962
93.41
78.976
101.648
110.154
91.12
118.626
115.286
90.14
122.42
102.29
86.866
98.36
116.818
87.65
78.776
136.052
119.692
80.106
87.554
91.438
129.726
122.532
131.326
99.118
84.412
78.414
90.822
94.192
97.128
107.468
88.712
87.966
82.152
95.108
115.368
86.302
73.152
88.526
95.866
113.934
118.956
93.456
81.83
120.952
99.212
101.184
111.436
90.286
79.648
77.6
111.994
94.846
101.806
132.06
87.92
115.56
92.326
101.142
88.29
97.422
122.664
82.028
91.35
96.158
92.316
97.226
74.102
92.24
88.49
96.706
109.916
120.052
126.058
107.354
92.126
123.3
117.506
111.336
96.32
129.822
99.602
89.684
98.216
104.464
82.404
104.136
116.156
80.654
82.344
98.334
91.024
126.564
108.854
96.064
79.364
102.03
91.03
90.198
83.62
108.678
109.44
107.592
79.566
120.074
98.238
113.472
83.3
90.228
96.966
105.614
79.876
97.18
87.414
95.252
93.288
102.77
100.116
89.096
101.956
106.942
94.464
103.394
103.514
99.49
113.148
82.106
98.256
90.43
80.094
71.244
95.534
88.268
106.518
104.346
93.098
90.124
126.584
108.992
77.652
80.26
105.776
108.41
93.4
100.288
117.27
96.776
103.214
80.858
105.426
89.268
109.23
105.732
112.554
119.426
115.686
109.924
89.904
94.688
91.998
77.308
99.09
86.852
128.14
105.872
93.27
96.62
107.956
75.49
94.694
106.52
73.394
91.566
99.464
86.294
81.922
113.798
120.848
105.13
119.426
91.262
87.946
108.702
83.242
125.658
69.386
95.32
85.354
103.998
107.682
126.228
91.706
97.948
115.186
93.382
102.69
130.872
85.088
96.38
97.26
88.442
103.028
79.878
81.586
80.518
99.822
121.28
114.888
127.072
118.144
128.548
94.646
116.414
81.24
98.176
88.34
98.726
105.338
68.64
82.834
93.772
128.764
82.786
95.074
89.09
98.488
80.146
109.104
101.742
93.05
97.166
92.332
105.372
88.02
106.952
100.42
85.996
112.512
93.772
112.418
118.328
96.922
104.012
134.016
108.41
99.632
84.604
75.606
103.906
98.26
97.164
119.188
80.05
102.47
84.234
88.7
98.562
119.98
93.9
93.282
104.434
110.278
81.312
104.394
90.564
93.846
115
104.61
118.052
95.864
88.512
85.434
99.78
123.378
97.592
97.878
98.898
95.568
81.362
102.406
100.336
84.244
98.344
118.952
104.154
89.616
92.13
91.77
97.646
93.308
83.14
101.676
111.45
105.206
103.712
89.502
107.97
92.552
125.364
124.33
110.242
96.354
98.36
120.708
84.694
116.914
94.722
83.692
76.214
85.154
133.282
125.146
100.28
115.218
144.892
87.228
94.49
119.772
92.02
101.554
115.186
103.404
85.334
106.776
118.538
105.352
95.622
100.088
103.08
92.284
102.972
112.652
94.616
101.038
108.624
94.996
65.02
112.314
77.11
94.538
105.824
117.904
102.182
112.248
108.564
88.132
98.856
97.96
86.454
99.126
109.838
93.88
103.388
103.646
111.114
96.95
73.922
114.22
80.984
85.65
108.012
71.28
96.062
91.892
98.378
106.298
108.958
120.14
98.48
75.802
85.1
99.562
110.222
87.82
101.122
110.916
104.918
108.638
81.578
94.184
77.648
84.538
101.726
119.55
79.78
99.93
97.354
101.032
88.904
101.516
78.12
106.692
95.792
95.864
83.652
96.66
83.774
114.416
83.508
85.686
101.056
89.052
110.382
104.41
91.148
97.072
97.75
98.928
81.806
105.142
82.684
92.628
116.112
104.516
82.554
94.15
109.952
78.422
96.488
79.302
114.7
98.918
102.132
95.928
80.776
112.748
107.67
69.27
77.928
95.01
126.084
92.3
104.584
107.772
122.926
123.392
109.502
89.944
124.132
72.99
90.888
91.792
116.04
111.278
89.682
80.484
124.038
97.426
117.938
84.338
121.26
105.252
116.448
136.624
115.792
99.624
103.238
137.262
102.652
101.518
91.51
98.192
101.092
98.06
106.382
115.924
89.138
86.65
106.138
117.196
86.104
108.458
121.864
90.056
95.736
59.206
91.664
102.98
89.714
61.324
97.98
94.948
104.314
111.032
92.81
106.984
86.72
87.984
101.224
96.18
90.532
102.062
96.646
70.768
98.832
86.68
95.13
125.03
111.976
92.416
93.722
98.186
96.042
93.216
97.074
64.494
91.444
95.296
90.168
107.022
84.598
97.672
101.006
94.89
101.604
93.026
93.144
90.176
99.332
84.29
119.922
112.658
117.126
101.428
82.378
116.34
124.544
66.138
89.672
108.782
94.136
78.88
92.652
98.35
95.152
88.288
102.98
87.506
96.71
77.694
91.07
96.22
78.394
106.256
85.35
82.118
136.094
79.782
92.83
100.99
84.252
74.08
100.956
72.108
111.936
87.982
83.49
76.724
110.026
100.214
95.332
84.464
112.156
91.776
78.586
77.178
61.542
93.142
91.332
88.342
98.366
95.512
112.786
113.378
76.952
116.226
86.138
86.872
97.948
64.432
101.676
107.266
109.186
93.206
113.954
77.23
102.472
110.5
109.208
113.862
100.816
113.54
107.618
94.45
75.484
80.648
74.878
97.602
118.33
92.28
87.814
81.242
78.582
97.936
97.806
98.882
102.806
94.662
92.696
102.574
93.008
97.232
81.258
119.174
89.15
83.994
106
97.066
109.326
102.2
88.694
107.12
96.384
75.262
85.938
94.992
107.184
108.392
112.802
85.454
96
111.508
117.328
90.466
109.832
92.4
99.964
117.58
93.716
86.114
109.296
103.354
123.014
120.356
97.522
100.438
92.434
124.574
101.162
90.694
118.324
96.508
77.72
107.754
107.724
110.578
90.182
116.382
91.822
80.354
110.132
107.65
122.782
100.39
79.442
106.934
91.792
90.12
105.2
80.66
95.118
73.152
98.136
111.886
83.028
120.42
119.632
114.794
86.174
97.726
98.072
107.764
97.29
85.598
87.59
127.83
122.206
100.294
83.548
76.276
99.018
99.842
104.352
91.574
100.45
78.504
108.94
94.28
96.194
110.864
101.558
77.636
89.614
101.474
110.64
92.02
87.556
103.13
108.982
119.354
100.968
86.974
133.118
88.798
111.12
109.1
83.236
100.202
92.564
106.336
100.418
116.534
100.02
91.972
97.242
104.518
90.322
100.474
90.686
90.93
104.81
80.738
91.14
130.776
92.386
114.676
90.974
106.518
67.43
98.104
128.39
111.922
85.402
100.93
84.48
104.27
83.368
113.646
87.926
74.562
95.368
102.11
98.598
104.89
85.684
85.51
97.116
128.302
86.436
93.96
99.008
106.974
82.922
92.062
97.694
88.792
85.592
87.818
88.044
106.174
92.922
112.424
112.79
107.578
131.92
83.456
82.046
103.732
71.104
102.082
90.526
118.802
85.456
95.054
95.022
100.648
111.83
98.56
91.116
100.272
77.146
100.33
101.728
96.022
80.4
108.744
94.12
105.852
95.098
93.676
102.718
107.858
106.116
90.56
118.208
119.974
91.988
100.954
92.7
109.008
101.942
105.35
110.968
90.886
109.642
94.538
84.32
100.242
107.836
95.416
103.638
112.32
100.892
106.87
91.518
111
94.72
116.714
126.884
95.69
99.632
114.988
112.032
74.734
108.506
110.236
104.214
125.754
98.812
103.336
91.388
77.544
68.308
114.154
93.802
99.58
98.592
91.138
100.448
96.336
105.122
101.04
85.992
78.184
130.88
106.892
118.178
100.672
74.004
100.636
87.39
91.31
99.694
93.316
83.974
97.962
82.724
108.114
105.914
102.47
106.884
81.838
87.52
75.546
102.364
84.032
85.292
106.81
108.44
79.498
89.412
88.092
105.43
101.978
96.25
95.12
94.328
105.588
81.708
89.384
113.974
90.274
101.766
108.68
102.318
86.292
115.298
83.86
105.584
80.744
75.258
88.94
83.666
112.182
110.05
108.292
105.916
85.526
113
70.708
127.222
84.658
113.808
76.604
98
104.1
93.952
103.6
97.414
118.458
114.794
106.766
122.97
90.434
94.384
114.996
92.244
91.066
94.42
117.376
96.224
65.546
102.448
113.224
121.606
105.832
104.314
95.136
114.996
87.324
141.95
103.634
105.468
95.744
115.13
118.204
83.748
123.316
89.444
118.764
102.94
101.26
70.894
92.026
94.306
120.54
90.998
114.302
105.718
90.426
93.946
98.554
101.262
90.552
102.482
92.912
90.758
88.816
93.742
108.058
110.058
112.798
111.454
137.732
97.494
90.592
91.222
92.904
78.688
105.822
98.772
80.842
85.398
121.312
120.22
88.192
99.762
115.032
84.998
103.162
102.708
102.656
113.552
92.328
85.828
80.61
94.824
105.184
72.154
95.844
94.892
104.822
79.516
90.078
123.188
83.548
91.61
100.154
100.508
99.524
92.014
85.842
80.36
118.66
91.942
91.298
123.51
91.234
92.436
100.826
104.73
103.74
113.44
109.708
85.944
118.778
72.076
88.464
108.104
122.128
98.714
93.244
76.896
102.298
94.13
77.122
106.014
89.968
85.132
91.986
88.79
98.848
108.298
112.024
74.868
64.542
79.042
90.71
100.004
99.812
105.746
112.35
102.324
100.38
114.892
95.08
118.114
104.348
103.898
94.374
105.212
82.756
63.934
118.698
85.268
94.398
100.406
92.236
125.512
99.38
70.296
77.592
96.976
83.608
112.962
106.676
101.844
89.712
96.084
112.096
97.446
106.484
83.154
102.456
93.324
109.648
88.528
93.93
85.034
82.716
73.97
128.63
123.482
95.978
104.038
72.58
89.77
87.908
121.89
116.654
94.102
94.66
114.032
97.13
108.206
116.174
110.122
76.326
92.858
116.472
88.198
130.88
116.082
107.308
74.896
81.638
108.808
97.744
82.806
120.768
103.912
89.326
92.924
99.082
91.166
101.388
103.844
84.854
106.796
93.754
69.434
118.968
91.732
84.442
90.316
103.364
88.582
79.584
84.054
104.15
104.488
115.396
78.422
83.856
96.058
90.664
121.974
111.278
81.792
127.278
111.984
80.068
89.184
96.84
102.9
97.93
111.408
99.972
80.428
96.056
99.64
96.892
108.402
104.172
101.92
128.706
77.27
114.092
81.18
98.058
121.796
90.478
91.486
85.36
81.682
96.074
112.328
80.31
109.714
114.046
104.502
104.766
91.758
91.774
99.848
110.624
111.292
81.528
103.424
101.52
110.02
99.138
104.424
96.138
109.002
95.224
121.548
97.014
78.502
91.006
92.618
92.502
84.572
86.052
90.132
77.264
106.164
118.672
102.9
118.954
104.178
83.394
115.416
113.792
66.646
104.956
104.218
76.402
107.132
90.436
88.382
117.36
100.068
91.188
97.612
126.606
105.644
101.904
91.422
116.718
86.812
91.076
111.686
90.412
87.272
83.06
121.896
122.346
100.078
77.46
101.114
98.382
121.824
92.408
113.84
80.74
130.404
114.312
92.53
99.724
102.274
106.554
93.092
81.334
79.296
112.674
94.722
88.736
76.978
84.232
66.552
107.638
103.11
79.092
93.594
98.44
93.576
99.22
99.538
76.482
105.384
103.442
85.642
102.59
110.454
132.906
104.306
104.502
114.938
94.452
94.722
110.212
93.854
119.124
88.206
116.464
102.714
110.376
99.746
83.76
100.824
74.1
143.67
87.536
105.22
81.246
92.712
123.946
71.12
78.398
84.14
126.606
113.908
96.428
106.934
86.456
94.808
89.43
90.772
112.318
88.496
111.75
90.114
89.888
93.526
95.562
96.166
128.474
89.818
73.366
115.148
108.908
76.636
83.766
80.38
74.122
90.012
120.608
112.196
106.696
84.244
71.06
96.612
89.65
96.716
81.256
121.41
114.864
93.418
100.892
114.034
75.254
83.704
99.33
116.554
106.914
104.176
106.552
100.036
111.426
101.26
113.132
75.052
93.496
83.05
114.07
94.79
122.906
97.072
80.658
98.708
117.304
86.246
89.938
119.37
83.526
122.172
98.802
98.066
106.388
118.202
95.332
95.506
84.476
102.054
89.33
88.456
99.89
93.992
85.53
88.996
78.718
88.498
110.232
107.408
71.074
115.682
94.122
129.086
100.73
110.472
96.784
102.604
101.442
103.194
117.184
96.19
118.652
113.662
68.85
89.468
93.846
90.18
86.536
102.21
93.87
137.766
101.404
113.882
96.516
101.62
92.37
97.382
96.608
100.432
127.694
81.552
116.628
98.28
92.142
124.23
106.728
113.66
74.158
80.21
102.274
99.482
112.256
118.504
96.924
97.63
85.4
95.112
101.01
110.672
90.914
118.464
103.172
79.65
95.608
104.786
85.484
98.352
108.856
116.678
78.696
94.168
96.764
101.522
94.054
117.856
82.792
114.898
115.862
105.07
86.688
111.92
96.31
112.586
119.552
110.276
89.654
98.294
93.614
102.324
108.014
98.74
98.538
88.3
88.918
76.268
94.184
93.762
120.912
100.67
112.15
65.654
112.338
98.122
103.592
101.716
92.972
98.868
117.316
104.508
114.406
92.592
105.546
98.244
112.464
95.918
93.744
115.552
72.246
104.644
126.828
109.7
91.918
107.324
98.074
101.636
85.446
104.134
103.242
100.652
83.434
85.154
75.076
92.44
100.854
114.842
102.704
115.132
105.826
89.118
98.494
98.542
103.584
93.386
103.852
101.096
110.674
100.306
93.306
104.61
102.428
88.32
86.868
102.122
102.62
121.66
107.132
78.912
114.942
81.132
84.236
119.398
124.202
93.588
93.264
97.992
112.896
97.152
98.332
89.458
86.944
82.89
85.498
109.042
111.628
98.868
73.84
97.712
122.032
106.906
99.944
78.624
95.048
101.412
107.982
112.322
111.274
82.234
99.732
99.442
110.234
91.068
65.03
101.574
68.476
73.418
93.91
117.226
95.978
85.832
106.33
103.586
103.688
116.766
114.338
105.754
74.83
98.72
109.484
94.424
102.778
105.916
88.83
105.994
94.516
116.11
89.4
89.46
95.672
86.084
122.042
113.234
114.848
97.362
79.19
89.356
93.198
76.062
107.476
86.56
96.702
96.22
102.17
105.424
110.932
97.32
87.024
96.244
124.788
121.498
107.582
122.162
106.396
80.814
98.664
96.728
80.852
79.258
123.212
104.506
89.7
97.698
93.27
92.492
109.402
96.492
105.1
70.13
122.414
88.404
78.178
86.514
104.056
91.042
107.188
79.6
95.498
100.018
101.956
98.756
97.174
109.54
107.376
109.378
123.8
104.762
77.506
92.814
88.012
111.632
120.588
108.78
91.36
107.224
92.208
93.336
101.964
109.928
114.322
98.81
96.902
116.292
111.582
118.528
82.274
94.838
99.498
91.838
90.222
94.618
76.264
115.184
87.404
113.87
99.4
77.418
106.352
77.602
105.45
97.126
103.3
94.09
91.974
114.388
98.262
85.574
85.418
103.486
96.25
109.764
77.39
111.006
102.854
82.18
100.482
96.83
102.74
74.76
109.856
101.556
92.562
106.102
96.75
79.21
115.584
103.624
106.34
99.644
89.732
90.098
110.48
108.646
84.064
81.024
116.674
105.12
87.066
92.762
116.548
119.224
109.166
93.478
109.454
101.034
117.498
91.916
83.226
95.98
98.014
79.778
111.29
96.134
99.232
96.68
114.424
97.434
106.362
81.332
90.27
122.336
118.23
101.33
101.73
103.836
100.514
99.558
69.556
100.444
104.514
103.09
89.522
78.334
95.27
142.712
125.184
82.324
86.734
90.796
112.132
95.768
93.454
93.668
111.304
101.294
95.496
83.406
75.064
110.712
88.822
90.112
94.858
90.258
91.698
73.836
88.728
104.882
98.85
114.242
106.384
104.46
112.25
81.78
103.056
82.164
94.566
91.29
109.882
103.296
112.684
73.424
97.69
78.424
73.926
103.72
89.786
92.696
93.232
105.506
111.506
107.66
126.462
97.994
95.64
105.474
103.782
132.352
104.876
101.544
76.126
101.348
81.746
116.13
102.464
111.98
115.664
89.86
116.91
95.916
114.964
112.98
104.378
103.126
101.524
104.62
93.544
106.232
86.544
100.11
111.118
109.48
84.392
108.648
95.186
131.734
83.97
113.696
84.784
107.472
100.93
112.384
87.736
114.18
91.868
112.052
94.038
126.68
103.76
82.03
96.23
103.11
78.864
102.792
126.258
93.94
92.818
99.252
111.904
103.748
88.524
113.676
93.642
98.03
91.504
128.59
99.186
79.73
130.732
101.962
102.66
89.62
83.972
113.866
119.746
102.23
104.474
90.282
90.182
99.592
101.216
91.75
113.398
94.038
85.238
110.502
104.052
118.348
92.8
110.984
117.754
120.184
93.296
99.544
79.678
92.492
98.65
120.292
72.688
105.554
88.184
104.42
91.156
109.76
102.424
98.582
108.604
91.866
86.236
125.332
106.614
100.264
79.014
92.654
79.336
99.606
98.534
123.282
120.044
97.546
90.924
74.266
118.818
110.562
103.404
85.946
75.202
99.586
90.638
109.078
75.062
93.49
97.886
95.68
70.33
106.594
83.862
77.81
89.51
80.584
99.016
107.3
92.986
119.264
80.418
124.284
129.074
85.04
84.91
103.33
99.116
118.368
105.092
115.11
90.286
85.106
102.296
109.204
99.002
88.504
99.408
109.856
85.024
90.34
90.152
93.002
87.152
84.842
89.496
100.11
110.968
103.022
125.636
100.718
121.488
102.332
96.132
103.606
105.626
97.882
97.774
113.616
86.844
119.606
105.724
92.348
124.102
116.752
104.986
81.422
98.916
96.244
110.66
100.412
87.038
80.814
121.224
80.57
117.03
94.82
119.162
96.826
90.358
111.498
103.08
118.468
108.472
111.168
121.928
93.536
140.43
82.544
91.84
106.432
100.72
93.734
84.666
112.514
131.064
92.95
106.516
107.59
80.104
107.624
112.004
103.234
119.526
99.908
120.622
121.434
93.816
113.706
88.608
90.324
105.406
97.74
95.94
106.406
119.112
102.676
94.69
89.116
92.016
115.42
107.406
129.318
109.142
88.224
87.578
107.222
93.564
108.132
93.984
102.788
99.844
126.16
101.802
95.556
71.412
98.854
89.098
62.996
90.728
104.22
84.376
118.136
90.458
101.582
96.824
95.958
122.294
96.916
79.888
129.23
110.31
104.616
93.66
94.898
100.774
117.16
89.788
102.29
105.582
90.502
108.926
97.532
80.956
120.742
85.188
88.016
99.236
84.698
122.802
113.946
90.616
94.486
103.664
93.076
112.688
94.588
119.766
116.506
118.226
83.54
76.79
109.188
122.492
103.188
99.228
106.906
84.968
111.234
101.044
91.498
135.682
97.122
112.66
91.174
95.152
77.036
94.656
97.614
95.94
83.798
102.42
86.54
101.894
87.776
113.288
90.656
133.97
99.514
84.194
118.882
65.426
89.082
103.762
101.954
100.262
72.644
110.308
119.112
109.908
90.058
105.614
100.314
94.682
91.794
104.038
109.064
115.646
100.006
89.062
96.73
113.394
106.418
95.458
123.128
115.342
113.752
105.242
110.934
115.158
99.51
91.504
99.128
91.506
125.606
90.712
115.122
120.49
89.55
100.884
115.386
105.942
108.544
81.936
109.678
94.962
99.616
105.654
122.166
101.064
103.334
107.026
97.03
108.088
75.334
98.518
105.392
97.362
81.016
101.434
94.272
116.822
130.84
90.91
88.604
85.274
99.378
113.816
93.29
82.664
102.068
109.314
93.238
89.89
99.832
92.042
82.764
113.162
92.96
91.296
90.736
113.682
104.272
79.24
94.906
110.06
69.878
109.512
85.896
110.82
83.694
96.936
81.632
95.862
99.064
100.356
90.332
125.82
107.428
92.628
75.332
103.252
95.094
107.434
109.218
84.016
94.538
92.01
101.886
88.692
115.344
82.738
112.132
83.008
103.6
83.988
102.704
94.784
114.892
92.638
96.948
90.972
88.02
72.462
109.08
93.77
105.284
99.984
78.162
87.258
105.298
112.33
100.564
89.942
91.984
94.084
85.68
100.82
110.758
81.654
98.882
96.394
111.42
94.248
95.404
94.886
95.456
91.974
82.184
85.788
95.066
77.942
89.022
114.692
87.696
105.472
110.7
91.128
88.714
115.446
97.408
84.636
108.616
99.588
91.958
99.686
78.164
116.208
87.456
88.26
107.636
88.736
87.694
88.862
137.29
109.568
83.876
99.494
90.622
79.918
96.286
94.116
91.98
77.304
103.486
85.872
102.51
111.528
110.076
97.694
96.016
117.656
102.602
113.554
98.57
110.898
94.256
96.386
79.654
89.306
110.842
105.034
93.348
84.198
117.704
128.178
114.028
132.046
110.902
82.41
87.264
85.3
78.99
85.944
87.494
102.08
113.054
94.592
103.984
77.562
101.974
89.38
113.802
110.114
91.474
114.744
90.986
99.554
95.08
89.334
87.728
84.254
96.716
98.984
93.588
98.234
97.37
105.666
102.24
120.49
135.654
81.666
75.532
98.378
92.924
89.958
108.694
97.274
80.788
105.242
97.694
107.268
69.392
89.302
85.616
90.406
84.608
94.078
83.638
88.324
110.37
89.212
94.274
111.916
83.774
134.086
81.878
92.022
106.264
88.428
73.446
91.97
104.29
96.14
125.15
91.488
101.068
83.83
94.33
85.778
97.4
107.98
106.672
112.098
97.884
122.706
107.454
111.3
99.426
100.684
95.582
139.856
90.84
116.988
110.436
88.3
91.166
99.954
95.584
104.16
91.946
98.69
91.964
118.038
83.134
94.148
80.432
95.82
103.872
100.612
106.638
91.738
104.102
109.918
101.098
133.704
105.188
88.054
95.934
86.004
112.638
107.056
85.828
84.63
98.63
92.624
109.364
115.334
108.376
113.636
109.618
83.378
108.684
99.556
89.178
83.998
91.19
118.466
106.562
94.16
99.97
104.93
67.552
135.582
71.74
98.458
105.102
122.294
104.854
101.7
71.486
78.118
94.706
104.744
92.462
121.586
93.89
120.946
110.774
75.874
101.532
96.288
108.258
92.434
97.884
117.346
91.576
110.324
86.7
94.42
103.882
101.12
106.652
118.164
105.158
87.924
105.268
103.138
71.91
77.92
85.158
116.364
94.16
83.182
111.018
94.642
108.636
91.318
88.1
117.586
102.524
115.704
106.682
97.626
100.398
95.64
87.94
96.89
60.546
107.506
93.696
98.946
105.526
76.468
95.792
115.568
83.704
111.506
99.446
94.076
104.628
103.782
132.428
98.1
92.692
126.22
86.674
81.75
66.052
120.462
90.096
84.18
97.22
101.354
102.634
94.804
97.828
100.292
91.168
108.086
78.47
113.604
86.87
102.82
93.136
103.282
104.766
98.574
85.176
107.54
135.6
77.064
98.868
103.586
132.17
103.282
97.688
93.702
86.966
77.474
109.934
91.854
94.634
98.46
114.804
100.868
88.544
85.21
107.21
121.882
88.428
94.204
89.488
85.114
103.264
116.454
86.91
100.264
91.59
112.108
106.76
109.2
99.77
94.25
94.06
98.082
93.74
93.32
106.334
99.01
121.566
85.224
126.678
118.862
86.06
86.342
91.95
83.9
94.038
101.912
114.708
100.534
80.614
102.808
103.446
111.574
111.236
87.284
90.232
100.624
112.378
134.43
102.536
86.342
75.67
87.332
110.322
87.944
95.776
87.608
135.832
80.98
109.082
87.23
122.152
89.474
90.95
97.028
81.106
87.136
90.8
89.882
82.542
93.144
115.034
90.006
90.752
97.896
97.654
71.146
126.612
81.806
100.956
104.666
97.598
86.018
105.916
103.914
99.426
144.262
116.608
89.596
79.12
99.52
77.962
98.916
105.156
100.146
109.432
100.502
94.434
90.65
95.646
89.582
108.99
105.976
103.452
114.318
76.318
74.222
99.592
101.492
92.12
102.114
107.654
136.098
105.724
103.484
110.578
97.074
94.73
85.98
109.224
93.208
75.94
101.952
104.916
101.918
102.76
92.674
90.29
88.996
90.326
83.626
99.752
98.436
103
98.684
111.834
111.206
122.804
134.026
95.354
103.208
109.212
94.532
102.148
94.95
81.094
118.286
64.994
87.916
104.96
94.02
99.03
120.262
94.91
109.392
88.494
112.528
103.632
117.324
103.074
113.828
110.658
90.776
82.53
97.914
74.398
121.292
83.398
83.32
82.018
85.372
106.686
111.42
75.344
89.058
100.832
83.22
93.842
93.274
76.07
98.322
88.948
106.032
88.51
108.9
107.04
117.686
98.668
116.79
107.104
131.218
81.25
118.826
102.084
121.954
100.838
112.9
92.256
113.686
85.628
116.66
110.994
117.55
106.204
117.852
128.198
96.852
110.688
77.556
79.078
93.714
80.226
102.358
125.072
102.534
76.776
121.71
98.978
96.46
141.132
119.024
97.448
87.584
121.684
93.718
117.132
72.612
104.336
94.814
110.186
98.108
104.876
89.552
99.98
108.11
87.536
91.892
91.386
112.666
86.382
105.202
78.242
86.898
104.124
116.872
97.978
85.182
91.114
97.328
76.344
113.146
96.652
102.438
116.074
87.538
92.69
97.618
99.282
78.532
94.536
100.262
110.16
116.944
117.04
120.056
83.766
107.344
108.912
89.62
98.588
80.066
111.96
119.498
95.348
123.496
102.45
106.76
100.824
94.158
100.166
95.892
102.49
98.458
82.286
101.988
76.636
103.988
115.892
102.884
98.33
94.296
99.204
90.138
105.992
116.236
88.834
115.1
97.48
102.364
118.804
83.748
102.668
85.432
119.394
79.448
117.904
122.798
110.362
98.002
96.284
92.208
95.254
95.49
102.444
93.16
88.274
122.364
122.854
103.092
95.078
107.194
106.294
97.98
78.884
108.04
108.226
73.548
93.306
120.178
119.306
100.994
100.622
94.482
73.238
91.756
107.988
113.78
97.424
97.59
104.258
112.614
79.068
80.512
92.636
88.752
100.662
80.538
83.698
88.176
107.688
88.544
104.502
93.278
95.616
122.782
117.366
110.052
106.056
81.57
102.71
82.178
103.994
103.292
108.726
84.486
114.086
92.652
104.054
94.468
103.968
89.59
87.242
124.754
98.324
89.836
86.872
79.34
96.684
83.952
99.388
113.146
121.728
111.27
105.47
111.228
119.24
91.206
97.418
88.978
97.66
141.916
89.714
106.934
111.068
94.716
109.924
85.616
108.462
105.838
105.768
86.134
103.842
107.82
115.334
114.272
101.948
74.684
80.168
92.982
109.78
132.442
93.598
104.662
89.756
79.952
99.384
115.994
97.686
98.124
104.928
88.146
85.906
113.008
98.71
97.786
78.178
100.092
94.474
101.824
122.49
107.032
80.71
85.876
101.3
104.802
89.324
91.74
118.506
93.37
84.692
114.604
119.708
111.536
88.972
99.498
113.97
117.104
90.976
98.786
83.344
98.372
113.526
80.364
108.788
93.028
91.628
102.354
70.38
87.692
87.968
84.022
114.94
88.838
84.36
96.746
104.948
105.56
91.314
91.252
95.17
105.096
112.824
119.26
116.306
96.03
101.998
111.26
89.132
88.284
91.762
82.512
72.304
109.206
94.43
83.856
103.494
69.972
74.304
88.582
98.82
106.864
111.63
89.576
96.996
90.312
108.406
78.562
88.882
85.812
116.72
82.166
88.372
83.378
91.378
115.112
107.486
123.202
107.808
82.454
111.122
111.488
90.862
79.096
105.062
103.948
93.712
96.044
74.484
93.588
108.494
99.742
70.912
89.238
87.76
93.59
92.408
92.91
99.596
87.194
82.41
103.024
109.362
125.738
116
72.38
88.226
102.356
90.166
110.516
110.318
114.996
114.812
112.452
96.618
88.808
102.966
128.866
96.668
86.99
103.814
82.42
106.074
80.972
102.388
108.794
85.682
99.762
86.006
89.216
104.496
94.044
102.64
100.68
102.626
108.096
125.822
101.556
96.048
99.88
122.422
103.152
91.3
67.368
107.048
136.642
94.644
99.504
82.556
108.612
103.07
99.21
74.612
119.804
82.614
87.254
87.022
102.054
125.694
110.648
107.104
94.724
93.996
101.386
95.794
79.468
89.472
92.784
92.196
119.118
115.012
116.912
79.756
108.128
82.832
79.366
96.162
95.468
102.546
102.682
91.3
97.69
112.862
110.73
100.182
85.162
87.598
112.624
105.084
70.67
108.63
84.314
99.984
88.924
118.77
83.386
95.358
116.848
103.146
102.238
93.506
96.852
127.532
96.712
99.886
102.962
79.148
81.528
91.94
79.828
97.936
83.276
88.018
105.168
106.424
101.61
99.054
109.754
75.748
102.106
97.73
81.924
76.228
89.546
114.512
105.496
97.72
122.372
102.258
101.68
94.876
121.854
122.824
113.912
91.178
120.546
84.796
103.098
111.456
93.892
122.402
107.102
78.948
77.438
111.308
87.264
84.83
87.47
78.536
92.292
102.878
108.18
115.302
120.652
106.83
113.518
88.51
91.282
93.97
95.696
121.094
114.044
98.79
85.21
70.26
92.084
119.536
88.062
85.298
89.55
91.5
87.268
90.056
104.452
96.256
79.786
111.32
118.448
85.664
65.814
96.286
105.708
123.1
95.094
101.944
111.202
92.412
87.312
96.67
100.252
104.786
115.33
85.868
76.724
93.642
99.362
100.328
88.42
82.706
93.658
98.678
74.814
83.832
98.474
113.25
102.51
88.83
99.434
89.988
105.798
139.482
97.274
92.8
69.76
123.858
84.526
98.022
95.376
87.216
92.024
90.922
106.492
105.992
78.554
105.308
87.264
89.788
84.946
100.608
109.328
84.784
86.128
94.762
100.556
127.34
96.824
96.592
81.454
114.576
108.736
103.06
102.388
105.678
87.022
83.926
65.816
92.732
74.668
81.892
106.062
92.728
98.136
89.198
103.368
103.022
90.974
115.686
110.244
102.086
109.71
78.652
124.382
94.988
100.264
103.514
100.262
148.892
104.77
96.686
92.576
82.32
111.974
99.564
129.502
117.484
108.206
101.328
109.462
112.156
101.626
92.16
102.234
88.172
77.696
105.824
114.268
104.9
91.542
97.11
102.172
84.844
125.854
99.38
104.162
109.6
85.914
86.16
87.116
116.232
110.312
125.348
117.038
97.996
100.378
95.564
94.086
92.982
113.106
111.37
101.792
92.81
77.44
91.722
68.682
118.734
90.454
87.346
96.64
86.194
84.528
108.996
100.794
85.834
88.188
91.582
113.116
119.494
96.756
91.138
94.174
103.124
92.352
98.776
108.81
75.234
94.92
79.86
110.114
87.742
103.732
104.162
78.384
113.812
77.056
109.734
88.878
118.988
92.32
86.514
74.454
81.536
88.534
99.86
91.78
76.272
88.656
90.188
118.676
109.284
89.948
125.774
84.126
81.842
70.512
80.312
88.406
125.53
77.804
104.518
118.768
97.408
106.292
88.776
109.286
78.068
92.146
72.068
106.016
86.768
85.888
97.866
112.604
107.34
91.94
104.062
105.736
103.34
97.53
82.048
132.19
83.112
108.572
95.948
88.22
90.612
108.904
113.582
71.266
89.252
69.614
69.984
94.394
105.614
102.27
106.71
114.608
101.292
83.332
75.726
98.168
103.19
89.352
127.668
102.426
95.97
101.64
84.138
100.398
114.072
116.792
88.4
108.444
77.768
97.352
118.004
108.546
84.49
91.558
107.864
97.506
98.1
100.068
85.946
103.332
110.466
76.884
125.772
108.22
118.89
94.816
84.028
88.746
81.17
103.436
119.192
91.066
121.992
108.642
89.272
79.856
89.96
106.076
82.012
111.134
106.2
114.586
100.248
89.602
95.968
97.13
115.322
96.974
105.732
89.646
99.378
100.262
112.374
93.952
96.126
122.052
104.71
128.356
103.418
95.836
90.952
102.432
105.224
98.128
134.718
103.326
121.348
116.392
102.68
138.446
121.782
99.166
100.768
93.552
103.468
131.398
97.262
98.33
100.566
85.436
126.412
102.348
106.814
83.274
92.874
82.578
115.576
110.402
90.516
108.808
97.566
87.382
104.224
80.192
112.932
99.18
81.56
76.122
84.118
75.58
110.764
100.166
131.482
125.706
92.336
97.45
97.494
102.698
92.056
87.488
114.502
90.674
93.502
81.42
90.186
107.062
83.194
73.332
104.848
97.26
103.364
123.326
89.824
79.106
91.856
103.664
66.424
105.768
125.412
98.912
85.294
98.06
117.346
120.61
89.978
97.834
106.084
97.834
106.584
85.788
131.41
88.54
111.462
98.608
91.494
79.754
132.796
92.482
85.276
82.692
94.39
94.49
104.956
101.652
98.62
106.72
82.392
92.1
93.564
84.044
106.65
99.448
90.534
99.072
102.854
87.896
123.69
109.804
99.784
81.912
90.38
104.562
87.796
116.944
101.702
89.102
115.888
114.93
79.864
119.216
95.108
76.1
72.618
106.128
81.386
97.864
95.878
79.058
99.438
107.408
84.834
107.91
83.168
84.42
97.76
92.15
119.54
79.008
89.918
88.226
108.666
108.48
93.502
121.196
102.192
117.368
98.066
81.118
92.396
124.014
107.198
121.52
108.756
66.02
99.292
104.148
81.2
120.116
91.324
107.566
110.912
102.558
68.888
95.512
96.368
92.812
110.154
117.804
91.776
87.312
86.432
145.626
104.674
87.61
92.946
97.868
96.836
117.37
93.17
113.278
101.342
119.408
85.704
100.764
99.266
98.56
85.802
105.896
98.916
91.858
97.768
101.502
112.298
78.684
106.18
91.432
111.928
83.504
87.19
76.596
82.374
94.016
103.628
101.878
96.08
95.952
114.466
91.21
77.768
97.132
102.346
92.922
108.504
117.244
79.214
83.064
97.068
98.43
83.806
101.082
106.026
106.022
78.69
89.48
97.472
92.634
122.228
95.54
103.424
84.906
117.132
103.758
112.796
95.22
90.636
119.526
95.838
74.102
107.95
103.35
92.234
85.808
99.452
88.6
86.786
99.052
121.394
91.744
75.246
110.066
97.406
101.804
91.462
93.336
86.434
104.426
97.96
109.814
105.768
95.336
107.506
92.874
113.426
114.43
117.018
86.602
107.468
93.24
82.156
89.178
127.12
103.07
124.81
117.728
88.576
118.8
67.62
146.096
94.402
99.592
107.82
102.054
123.358
103.044
99.736
100.356
85.422
86.006
91.104
103.884
109.338
78.676
74.53
95.74
94.404
103.174
92.852
92.502
84.052
85.47
108.95
95.99
83.944
139.822
107.414
102.686
104.592
132.352
105.606
96.666
98.578
89.564
113.804
105.854
102.89
106.804
99.61
106.52
69.694
107.968
106.61
98.564
89.046
77.914
89.938
102.194
93.47
87.104
96.4
99.128
115.494
91.052
81.924
79.066
90.738
119.914
79.914
98.31
116.182
90.156
96.344
83.264
93.73
64.926
95.898
69.64
89.964
93.8
79.84
91.87
105.796
86.684
94.366
101.552
79.518
99.626
99.576
86.632
96.358
98.336
83.57
93.648
112.928
84.722
91.57
93.196
101.754
104.864
99.528
141.934
81.846
114.89
99.164
99.614
77.348
81.102
92.644
112.19
90.754
91.264
109.068
100.372
100.558
115.642
115.526
92.22
90.662
97.85
79.392
86.57
104.1
116.726
109.196
88.412
102.378
123.662
120.626
104.554
106.698
94.198
96.154
68.266
88.26
109.91
108.122
109.038
93.206
113.912
84.53
104.058
106.124
85.412
108.782
87.286
115.788
116.936
124.678
103.456
79.624
104.514
87.832
84.284
94.606
81.694
77.302
112.488
102.11
95.726
101.806
82.908
81.792
95.404
100.232
101.588
86.488
89.07
80.818
104.296
103.656
105.218
91.256
105.6
84.86
111.91
95.286
91.146
92.246
94.418
74.868
103.398
102.87
120.834
90.528
101.238
100.114
112.722
85.226
126.426
86.52
82.744
102.494
107.432
107.14
87.256
94.464
97.544
83.698
103.002
87.064
98.742
91.058
88.818
111.124
111.534
123.552
121.306
105.306
83.11
105.806
111.236
92.748
130.996
123.398
80.806
114.426
93.164
92.984
122.646
122.002
102.236
97.49
76.23
114.998
93.932
111.712
103.59
82.9
92.206
74.778
93.006
93.544
121.772
127.252
118.328
98.97
100.198
101.004
99.026
95.712
95.53
106.888
88.214
84.028
83.7
100.616
79.816
87.744
122.548
94.574
102.002
123.716
82.878
127.088
100.758
100.952
119.04
96.048
100.758
80.948
102.572
116.652
86.292
113.568
88.862
110.148
118.848
78.51
87.93
81.842
145.586
116.956
82.084
121.912
99.142
80.244
99.97
124.196
80.072
129.44
100.086
97.036
115.484
99.732
140.258
95.86
75.61
97.796
110.582
104.246
102.404
105.566
77.026
99.68
97.588
92.23
122.466
96.69
104.494
114.85
94.594
91.5
94.95
95.64
81.73
97.658
96.008
87.298
102.25
92.322
89.932
92.738
91.26
81.792
95.336
107.166
79.7
89.054
98.494
103.428
66.118
109.114
131.074
100.61
88.818
81.796
83.488
104.558
105.056
116.67
86.324
122.41
128.554
76.782
91.572
85.126
111.67
93.6
93.324
122.25
129.176
99.278
71.632
109.96
93.482
84.018
95.586
79.468
91.89
104.698
93.586
82.394
93.56
107.594
110.664
99.954
111.968
105.472
122.288
94.39
96.878
104.08
81.024
102.086
90.468
98.436
98.436
104.572
93.546
84.506
127.924
112.972
86.54
100.89
110.126
139.606
91.414
95.556
82.17
100.73
106.888
102.408
113.17
117.808
88.11
116.218
92.272
112.518
124.352
94.142
94.242
114.888
79.628
118.932
106.208
97.784
93.442
118.126
90.054
79.976
101.514
106.838
111.842
102.654
95.996
96.256
85.246
102.51
105.662
108.926
136.95
83.018
79.284
82.252
98.08
90.586
85.872
104.962
104.504
92.856
82.312
89.818
95.84
98.238
87.132
95.804
117.708
121.618
93.448
121.73
96.076
102.452
111.57
92.756
80.15
87.686
104.938
117.308
79.588
84.822
98.386
108.836
74.75
80.788
106.45
81.528
105.612
80.238
115.346
125.91
87.982
98.728
105.36
81.03
124.58
68.456
92.566
84.05
100.996
87.902
93.28
108.4
90.538
114.584
97.164
110.69
120.188
109.424
89.266
102.724
110.85
93.758
105.182
120.002
113.576
96.408
91.31
85.828
95.778
75.926
85.344
103.828
75.066
91.914
119.76
81.908
99.706
96.486
106.562
87.896
97.91
163.842
123.33
109.154
71.678
92.444
75.94
73.52
113.106
80.968
102.656
107.902
101.356
108.552
87
120.258
97.87
107.608
85.456
110.85
100.418
92.806
117.328
111.126
97.958
109.28
104.346
114.682
94.584
93.878
82.264
82.56
101.41
122.742
111.342
98.796
89.652
118.004
95.8
83.256
128.812
125.358
106.666
109.616
114.732
90.382
92.654
106.816
68.712
101.802
112.984
99.176
97.352
100.786
116.68
95.814
81.698
86.642
109.978
90.78
73.552
98.686
70.242
133.442
82.144
103.524
110.394
81.46
91.486
81.168
84.442
105.422
73.87
103.288
116.894
78.974
116.756
86.148
108.86
103.894
87.55
90.626
100.01
71.49
94.696
94.376
127.172
92.342
95.42
104.132
89.584
97.18
102.196
105.4
105.264
102.302
95.094
112.528
106.166
82.602
99.156
100.948
93.3
75.118
99.458
81.58
124.274
86.996
101.698
115.876
85.03
96.702
121.428
87.456
115.422
96.528
113.996
93.878
86.904
113.58
89.9
108.048
114.652
102.942
123.088
96.42
111.466
95.894
84.34
82.582
95.294
104.544
106.022
90.078
83.57
102.372
97.384
80.262
90.586
117.816
110.02
125.97
84.822
105.482
105.986
102.166
98.462
103.384
101.74
114.59
113.368
108.934
96.444
114.908
84.948
102.414
113.954
86.236
81.336
103.332
83.468
85.546
91.642
82.242
95.084
99.124
96.178
106.036
109.406
120.858
123.932
125.582
86.656
86.35
93.284
132.868
97.586
72.784
95.97
78.702
94.21
98.51
84.83
112.624
99.348
79.718
86.166
85.78
88.84
95.472
93.414
126.072
89.46
89.382
82.206
87.552
72.096
126.254
96.654
93.826
95.934
82.77
109.398
80.492
108.794
104.822
102.58
93.26
105.646
99.138
96.108
93.48
99.854
97.612
93.344
103.684
89.08
110.972
79.894
100.08
94.482
95.766
92.706
95.362
114.728
106.25
100.676
113.228
88.566
107.784
126.494
92.164
104.878
92.916
93.178
90.074
114.238
111.87
117.406
81.272
85.14
127.204
97.398
89.424
99.492
102.144
100.718
90.748
79.506
124.016
97.928
97.972
104.134
104.008
118.236
98.394
82.89
95.87
92.736
85.752
98.576
122.766
68.102
117.124
96.274
112.456
81.744
77.82
113.612
103.242
92.782
98.22
104.3
103.966
129.268
88.832
99.48
102.378
110.778
84.324
117.848
85.978
99.186
99.678
103.354
87.588
125.074
90.31
88.988
72.016
82.214
86.192
101.758
114.388
98.968
70.704
124.778
97.666
83.958
118.128
87.236
106.714
106.546
87.07
90.302
83.854
117.684
86.464
106.644
79.204
101.04
122.558
89.718
108.882
88.93
121.538
100.938
95.714
121.264
95.324
74.51
111.886
104.186
102.548
102.7
87.372
101.924
111.562
115.388
98.076
105.026
106.89
92.292
103.344
94.17
86.644
81.972
105.396
118.616
101.07
109.128
99.616
122.68
108.18
123.61
115.652
104.354
119.834
103.888
114.9
113.07
85.056
99.642
95.304
102.614
86.012
105.966
109.95
93.67
92.118
102.404
100.376
93.344
101.724
113.628
78.082
118.578
114.208
102.024
85.918
96.498
85.478
81.802
74.968
103.304
88.426
105.18
99.708
99.118
117.508
90.72
84.218
101.258
110.124
101.76
124.398
79.968
81.89
133.828
98.378
71.098
92.61
94.538
108.344
102.148
116.044
101.492
102.262
93.676
107.464
99.758
92.226
105.244
94.286
98.432
81.902
113.334
76.85
111.234
87.32
83.706
97.88
99.62
93.468
98.694
99.152
83.038
86.358
83.458
107.742
100.034
102.868
93.456
110.406
88.024
111.712
111.35
82.682
105.752
103.592
94.478
111.626
96.466
94.552
111.154
112.498
95.952
128.154
101.776
90.84
93.054
108.012
128.858
79.054
110.614
95.32
102.136
99.674
101.736
106.036
77.198
94.672
101.11
103.836
98.352
98.448
95.378
88.14
93.384
112.926
86.17
114.816
95.41
96.358
87.166
78.33
101.568
113.132
85.312
95.288
109.724
91.178
95.144
95.674
104.544
90.794
100.626
119.548
123.932
103.882
89.09
76.758
113.556
99.556
67.88
93.75
77.222
104.348
119.106
82.46
101.764
107.224
100.17
85.722
76.526
87.132
109.372
85.422
91.652
101.164
113.282
105.174
100.08
87.048
101.88
105.32
116.092
101.256
103.864
87.59
103.56
84.556
107.324
87.422
78.566
88.274
99.454
95.748
110.566
91.468
100.484
86.004
81.308
98.598
91.312
114.502
125.27
112.062
97.452
86.25
94.146
99.39
101.154
94.706
114.766
89.92
103.074
121.536
120.136
90.286
121.572
113.386
105.31
121.398
96.736
108.172
97.288
82.95
119.65
93.274
95.582
88.216
99.146
79.016
107.01
112.426
104.842
79.722
69.23
103.478
114.616
105.212
80.69
108.686
86.334
128.72
132.114
77.464
110.608
120.526
103.374
106.188
98.01
108.502
74.022
113.718
84.428
116.466
114.492
93.892
104.614
108.106
108.33
104.36
101.292
114.336
103.768
109.324
94.056
103.204
77.458
115.364
108.616
96.958
93.42
97.234
91.164
113.328
99.374
131.352
92.338
88.506
97.72
79.466
105.896
92.72
87.038
113.178
117.69
90.048
91.758
105.5
93.03
116.692
103.322
101.314
117.558
97.234
119.952
91.478
114.122
81.724
96.876
80.83
89.172
108.12
117.462
124.688
125.472
84.11
77.718
78.138
109.96
77.908
120.614
87.812
115.67
102.31
99.456
86.822
105.246
102.346
89.662
98.014
93.154
103.034
78.06
111.534
78.65
111.142
113.686
125.336
89.922
77.368
83.792
112.61
108.258
83.058
69.878
81.728
107.218
106.41
106.012
116.94
121.66
96.318
104.646
85.366
101.598
84.812
127.514
100.502
97.044
102.632
70.948
92.146
107.534
115.876
108.83
90.196
114.896
100.618
104.73
91.818
86.938
111.806
84.212
107.686
111.404
97.114
91.274
105.894
105.646
108.684
113.468
100.662
102.696
107.032
92.842
84.736
102.998
82.24
82.708
110.724
97.166
102.338
101.45
90.636
114.79
114.474
108.372
89.224
115.77
80.362
105.128
104.508
132.606
109.356
90.736
88.288
102.218
110.594
121.844
79.982
130.338
111.918
94.232
72.56
93.906
104.268
98.214
110.598
135.06
93.91
108.1
86.93
102.036
98.12
115.81
87.806
98.906
126.51
97.24
126.776
99.524
93.744
105.448
79.884
84.926
110.646
115.436
112.41
103.366
107.102
106.382
84.326
98.066
115.406
124.84
126.334
114.776
87.514
104.268
123.622
94.526
75.818
128.012
109.368
78.216
118.802
65.73
114.976
121.01
90.924
104.104
96.38
106.374
111.548
107.116
117.452
74.562
104.818
96.088
96.84
85.58
93.394
133.77
112.484
87.622
73.112
96.98
98.574
101.678
101.666
112.182
106.588
81.706
100.69
118.2
102.41
101.16
98.758
92.502
113.502
88.188
93.298
106.456
102.234
94.408
74.384
96.254
99.254
93.278
116.898
96.418
103.316
121.474
108.768
112.074
100.72
119.188
116.04
84.844
83.898
100.514
97.902
91.34
117.284
92.528
108.716
92.004
110.46
85.9
103.04
73.246
120.624
78.452
97.404
124.014
72.19
106.886
86.312
96.974
102.074
89.948
106.284
98.226
80.614
87.998
97.97
92.216
104.624
108.154
115.968
88.034
77.042
103.47
116.874
102.04
100.906
88.676
96.698
97.552
113.562
101.054
106.088
77.76
96.132
77.628
98.416
95.772
106.774
92.886
87.95
96.516
71.766
88.256
102.554
104.714
96.17
79.016
109.13
88.42
108.862
76.072
99.588
122.63
122.976
96.636
90.578
94.678
111.808
111.576
70.954
94.564
83.972
143.378
100.092
95.54
100.81
84.648
118.364
111.83
85.476
105.18
89.498
101.386
105.31
85.728
109.298
105.088
91.986
78.69
93.334
104.67
109.902
100.076
86.272
105.442
90.496
108.514
94.308
92.252
117.896
101.552
86.056
120.804
113.338
98.258
94.032
103.428
105.456
103.048
80.39
118.586
102.9
114.382
96.682
111.354
103.446
78.684
88.446
116.998
113.844
96.498
98.082
88.848
115.368
81.882
101.644
85.554
116.26
102.224
91.758
101.608
96.186
92.352
113.808
89.816
99.176
87.286
91.31
93.326
112.11
91.26
101.282
110.106
98.674
91.098
98.054
108.306
117.11
120.58
106.794
92.024
119.558
100.986
107.182
98.622
94.766
80.648
79.364
99.85
111.874
103.564
100.806
117.462
94.18
99.834
85
116.88
92.568
106.94
90.644
83.344
105.284
129.07
83.592
75.714
124.006
112.084
71.98
105.978
117.266
87.976
108.066
89.916
95.664
112.456
81.492
84.974
126.436
116.31
89.764
71.458
87.066
90.382
97.344
108.054
108.246
114.148
96.66
125.108
133.164
81.1
115.602
99.338
123.654
100.458
118.084
95.72
100.722
118.028
111.492
133.808
93.654
91.716
94.938
70.414
92.56
83.272
117.314
103.012
82.288
105.89
100.362
