428.337				471.019
424.969				454.207
414.444				441.892
408.436				430.351
399.465				421.411
395.45				413.967
376.413				409.648
376.216				400.151
368.884				391.514
358.82				381.725
352.515				375.935
350.403				368.403
343.776				361.252
339.572				355.041
336.45				349.815
330.864				346.41
322.695				342.432
318.8				339.736
318.8				333.171
316.017				328.529
307.304				324.57
307.304				322.601
303.391				319.044
300.574				314.164
299.159				311.215
294.493				308.508
291.378				305.612
289.132				303.441
289.132				300.373
286.25				299.414
283.197				296.789
279.206				293.703
278.111				290.406
274.201				286.882
273.971				283.658
272.792				282.197
269.38				281.032
269.38				278.656
267.795				276.657
264.495				274.524
262.061				273.126
262.061				271.38
260.424				270.116
260.421				269.38
259.896				267.647
258.516				265.298
255.826				264.482
255.826				263.293
252.226				262.137
252.226				261.633
252.041				260.206
251.792				259.266
249.622				258.038
246.508				255.919
243.841				253.822
240.008				251.658
240.008				250.52
238.665				247.433
238.589				244.916
234.778				243.223
234.778				242.196
234.778				241.904
233.612				240.947
232.914				239.158
232.914				237.758
230.986				235.692
229.436				235.117
229.436				235.289
228.318				235.03
228.009				234.172
226.903				233.396
226.176				232.105
225.526				231.967
224.11				230.286
222.985				228.643
187.671				228.175
187.671				225.156
186.912				219.772
186.912				210.148
186.076				202.263
185.144				198.732
184.651				191.987
183.499				192.006
183.327				189.43
183.311				188.394
182.831				188.705
180.75				187.301
180.621				186.874
179.915				186.166
179.261				185.426
178.675				183.833
178.209				184.299
178.052				184.335
176.664				184.105
176.362				181.821
176.362				179.578
176.01				179.421
175.708				179.063
175.447				178.539
175.447				177.774
175.447				176.993
173.902				176.483
173.742				177.215
173.742				177.43
170.672				177.045
170.672				177.436
169.586				176.009
169.586				175.754
169.359				174.688
169.359				173.216
168.96				173.497
168.524				174.266
168.524				172.609
168.524				172.11
168.11				172.492
167.563				172.585
167.563				171.619
166.318				172.196
165.291				171.48
164.709				171.553
164.598				169.847
164.598				169.657
164.082				169.422
162.824				168.47
162.127				168.248
162.127				168.332
161.347				167.171
161.068				165.858
160.841				165.399
160.723				164.156
160.217				164.3
160.217				163.483
158.978				163.038
157.949				162.582
157.949				161.663
157.949				161.706
157.723				161.271
157.266				161.197
157.086				161.35
157.086				162.677
156.818				162.751
155.889				161.626
155.431				161.825
155.163				160.363
154.79				159.604
153.752				159.316
153.752				158.593
153.556				158.922
152.601				157.855
151.721				157.044
150.766				155.599
149.931				154.399
148.745				153.838
148.745				154.949
148.745				154.701
148.745				152.809
146.741				151.295
146.741				151.361
146.741				150.943
146.704				150.711
146.704				150.806
143.678				149.53
143.678				148.769
143.678				148.639
143.435				147.094
143.381				146.978
143.381				147.306
143.381				146.488
143.118				146.499
143.118				147.004
142.337				146.553
142.337				146.42
141.592				146.368
141.592				146.396
141.592				146.793
135.75				145.736
135.222				146.725
135.222				146.127
134.768				146.511
134.768				146.652
134.768				142.98
134.641				142.338
134.641				140.191
134.641				139.536
134.641				137.333
134.641				137.137
134.17				137.088
134.17				138.197
134.17				137.553
134.163				136.809
134.163				136.264
133.286				135.975
132.768				135.613
132.624				135.236
132.169				135.876
132.169				136.55
130.761				134.328
130.754				134.083
130.016				135.746
130.015				135.654
130.008				136.17
130.008				134.06
130.008				133.42
130.008				133.033
130.008				132.043
129.801				132.243
129.801				132.172
129.801				132.292
129.801				132.881
129.801				132.858
129.347				131.481
129.347				131.163
128.011				130.923
128.011				130.658
127.558				130.875
127.025				131.135
126.321				131.087
126.321				130.515
125.795				128.911
125.723				128.925
125.723				129.481
125.723				128.679
125.432				129.045
125.432				128.517
125.432				128.262
125.432				127.598
125.151				127.662
125.04				127.852
124.98				126.478
124.493				127.587
124.484				127.635
123.985				128.095
123.985				127.921
122.164				127.759
119.025				127.973
119.025				127.225
119.025				126.082
119.025				124.861
119.023				123.463
119.023				123.18
119.023				123.244
119.023				122.213
118.201				123.04
118.201				121.73
118.201				121.085
118.027				121.237
118.027				121.403
118.027				120.354
117.426				120.184
117.256				121.086
117.256				120.122
117.256				119.983
117.256				120.849
117.256				120.097
116.913				120.222
116.913				120.213
116.913				120.099
116.769				120.244
116.769				119.963
116.769				118.905
116.769				118.706
116.759				119.275
116.759				119.184
116.627				119.217
116.627				120.061
116.594				119.69
116.462				119.714
116.462				119.73
116.462				119.825
116.462				119.184
116.306				118.978
116.306				118.907
116.306				118.949
116.306				117.566
116.094				118.035
114.921				118.159
114.765				118.073
114.765				117.963
114.554				117.739
114.554				117.697
114.554				116.82
114.554				117.628
114.346				117.312
114.346				116.81
113.634				117.53
113.634				118.214
113.38				117.325
113.209				116.94
113.209				116.979
112.956				117.463
112.635				116.77
111.911				115.691
111.911				115.071
111.911				115.065
111.911				115.086
111.911				114.877
111.911				115.149
111.379				114.454
111.379				115.479
111.154				114.536
109.201				113.41
109.201				112.549
109.201				113.87
109.201				114.462
109.201				115.288
109.201				114.655
109.201				114.114
109.057				112.303
109.057				111.21
109.057				111.537
109.057				112.369
108.161				112.093
108.161				111.477
108.161				111.307
108.161				110.319
108.161				110.315
108.161				110.763
108.118				110.706
108.118				110.315
108.118				111.879
108.118				113.026
108.118				112.248
108.118				112.287
108.07				113.137
108.07				112.271
104.282				111.8
104.282				112.303
104.282				113.096
104.267				112.163
104.267				112.336
104.267				110.53
103.765				110.541
103.765				108.886
103.765				107.722
103.765				107.321
103.765				106.636
103.765				107.471
103.765				106.623
103.765				105.982
103.765				106.072
103.765				107.282
103.151				107.93
103.151				107.346
103.151				107.075
103.151				105.916
103.151				105.018
103.151				105.824
103.035				105.338
103.035				105.353
102.294				104.372
102.177				104.885
102.177				104.907
102.177				105.197
102.177				104.223
102.177				104.24
102.049				103.932
101.685				104.532
101.685				104.853
101.557				104.536
101.557				105.077
101.557				104.325
101.557				103.904
101.557				103.793
101.557				104.261
101.557				104.622
101.557				104.015
101.557				103.999
101.428				103.588
101.428				104.168
101.405				104.567
101.405				104.662
101.405				102.791
101.405				104.5
101.405				104.798
101.389				104.931
94.0294				105.456
94.0294				104.053
94.0294				103.418
94.0294				102.79
94.0294				101.886
94.0294				100.517
94.0294				99.7519
94.0294				98.214
92.8017				97.8066
92.8017				98.2833
92.8017				96.6354
92.8017				96.4112
92.8017				95.7118
92.8017				95.3423
92.8017				94.4104
92.8017				95.0716
92.8017				95.3929
92.8017				95.9553
92.8017				95.397
92.8017				95.4688
92.8017				94.4558
92.8017				94.1709
90.0886				94.7923
90.0886				95.499
90.0886				94.7725
90.0886				93.9641
90.0886				94.0334
90.0886				93.9164
89.9048				93.3661
89.9048				94.2356
89.2084				94.5307
89.2084				93.3111
89.2084				92.3505
89.2084				91.3684
89.2084				91.9368
89.2084				91.7192
89.2084				91.7984
89.2084				91.6626
88.8633				92.3006
88.8633				91.9398
88.8633				93.212
88.8633				93.2634
88.8633				91.4598
88.8633				91.6826
88.8633				91.2221
88.8633				90.0139
88.8633				90.4362
88.8633				90.6629
88.7995				90.4286
88.7995				91.38
88.7995				90.1265
88.7284				90.1218
88.7284				91.2271
88.6646				91.1766
88.6646				91.3507
88.6646				91.6125
88.6646				91.8891
88.6646				91.5348
88.6646				92.0344
88.6646				91.7259
88.6646				92.2791
88.6646				92.2419
88.6646				91.8477
88.6328				90.8182
88.6328				91.5074
88.373				91.45
88.2774				90.7513
88.2774				91.1092
88.2774				90.7372
88.0853				90.5768
88.0853				91.3113
88.0853				90.7836
88.0853				91.2067
88.0778				91.0263
88.0778				90.4623
88.0778				90.6074
88.0778				90.9126
87.8256				89.7159
87.818				89.7154
87.818				89.3956
87.818				89.6436
87.818				90.0743
87.818				90.9584
87.818				90.9959
87.818				90.6919
87.818				89.548
87.818				89.6948
87.818				89.7834
87.818				88.639
87.818				88.748
87.818				89.251
87.818				90.131
87.1255				89.7759
87.1255				89.9105
87.1255				89.8164
87.1255				89.4991
87.1255				90.0723
87.1255				89.8164
87.1255				88.9704
87.1255				90.1187
82.5552				90.2563
82.5552				89.7321
82.4145				88.5867
82.4145				88.9139
81.6699				87.768
81.6699				86.653
81.6699				86.0369
81.6699				85.2954
81.5526				85.1929
81.5526				85.0549
81.3157				84.2904
81.3157				84.3499
81.2931				84.0402
81.2931				83.9828
81.1984				83.6094
81.0722				83.3105
81.0722				83.8044
81.0722				83.7136
81.0722				84.124
81.0722				83.8316
81.0496				84.5052
81.0496				84.6945
81.0496				83.2095
81.0496				82.8816
81.0496				82.9901
80.9609				83.518
80.9609				84.6778
80.8091				83.6401
80.8091				83.6958
80.8091				83.5733
80.8091				83.8111
80.8091				84.4507
80.8091				84.3099
80.8091				82.8639
80.8091				82.5387
80.8091				83.2484
80.4224				83.3715
80.4224				83.0645
80.4224				82.3438
80.4224				83.1459
80.4224				82.6366
80.4122				82.3872
80.4122				82.0226
80.4122				80.9056
80.4122				81.0761
80.4122				81.9663
80.4122				82.8587
80.4122				83.5239
80.1849				82.9878
80.1849				83.8361
80.1849				82.4252
80.1849				81.7256
80.1849				81.7944
80.1849				82.4802
80.1849				80.832
80.1849				82.0237
80.1849				83.435
80.1849				82.5706
80.1849				82.9681
80.1849				81.7726
80.1849				82.0547
80.1849				82.2749
80.1849				83.0554
80.1849				82.6943
80.1849				84.0737
80.1849				83.1998
80.1849				81.9789
80.1849				81.9155
80.1849				82.6638
80.1849				81.7128
80.1849				82.084
80.1849				81.7218
80.1849				82.0332
80.1849				82.7633
80.1849				82.3046
80.1849				82.9302
80.1849				83.5559
80.1849				82.9176
80.1849				82.0373
80.1849				81.3365
80.1849				81.9335
80.1849				81.8484
80.1849				82.1081
80.1849				82.053
80.1849				81.5322
80.1849				82.3746
80.1849				82.323
80.1849				82.9723
80.1849				82.881
80.1849				82.6512
80.1849				82.0599
80.1849				83.0562
80.1849				83.3954
80.1849				82.9418
80.1849				82.5456
80.1849				82.9313
80.1849				82.9501
80.1849				83.0702
80.1849				82.3049
80.1849				82.38
79.6306				83.0573
79.6306				82.319
79.6306				82.2151
79.4056				82.5786
79.2286				82.1338
79.2286				81.3149
79.2286				81.112
79.2286				81.8509
79.2286				80.9848
79.2286				80.2048
79.2286				80.4854
79.2286				81.4151
79.2286				80.9662
79.2286				81.7897
79.2286				81.4255
78.4996				82.1646
78.4996				80.9011
77.7954				80.3631
77.0392				82.0451
77.0392				81.7776
77.0392				81.2327
76.2025				80.9514
76.2025				80.162
76.1137				80.6608
76.1137				80.6176
76.1137				80.3552
76.1137				80.2622
76.1137				80.0054
76.1137				79.5366
75.8731				78.1951
75.8731				78.7465
75.8731				78.7411
75.8731				78.3782
75.8731				78.5898
75.8731				78.8403
75.8731				79.4229
75.8731				78.9501
75.8731				79.5163
75.8731				78.7876
75.8731				78.329
75.8731				78.852
75.8731				78.2397
75.8731				79.0449
75.8731				79.1834
75.8731				79.012
75.8731				77.8157
75.8731				78.1024
75.8731				77.4935
75.8731				77.691
75.8731				77.7467
75.8731				77.458
75.8731				77.249
75.8731				77.965
75.8731				77.8065
75.8731				78.3647
75.8731				78.2133
75.8731				78.3743
75.8731				77.4698
75.8731				78.4451
75.8731				79.0431
75.8731				78.9113
75.8731				79.3279
75.8731				78.7711
75.8731				78.2284
75.8731				78.5976
75.8731				77.1142
75.8731				77.3689
75.8731				77.7837
75.8731				77.7908
75.8731				78.9712
75.8731				79.4997
75.8731				79.7637
75.8731				77.8167
75.8731				77.7308
75.8731				78.0973
75.8731				77.6999
75.8731				78.31
75.8731				78.3488
75.8731				77.9559
75.8731				77.8101
75.8731				77.401
75.8731				77.4521
75.8731				78.1082
75.8731				78.1104
75.8731				78.188
75.8731				77.8736
75.8731				78.561
75.8731				78.1429
75.8731				78.9964
75.8731				78.009
75.8731				78.5671
75.8731				78.0675
75.8731				77.9751
75.8731				77.1526
75.8731				78.2397
75.8731				77.8586
75.8731				77.2936
75.8731				77.5887
75.8731				77.6998
75.8731				77.5722
74.8933				77.7405
73.831				78.4913
73.4347				78.0936
73.4347				77.4469
73.4347				76.9328
73.4347				76.1654
73.4347				75.558
73.4347				74.7178
73.4347				74.8369
73.4347				75.0041
73.4347				74.8563
73.4347				75.0526
73.4347				75.1292
73.4347				75.3138
73.4347				75.4293
73.4347				75.3113
73.4347				74.7655
73.4347				74.9611
73.4347				75.4847
73.4347				75.0999
73.4347				75.5526
73.4347				75.306
73.4347				75.434
73.4347				76.1046
73.4347				75.0207
73.4347				74.9233
73.4347				75.4246
73.4347				75.4097
73.4347				75.3747
73.4347				75.0675
73.4347				74.9368
73.4347				75.461
73.4347				75.4278
73.4347				76.7563
73.4347				77.1617
73.4347				74.9618
73.4347				74.8148
73.4347				74.7094
73.4347				75.1299
73.4347				75.4209
73.4347				76.5732
73.4347				75.5226
73.4347				74.9684
73.4347				74.7098
73.4347				75.0121
73.4347				75.8339
73.4347				76.602
73.4347				76.3844
73.4347				75.6229
73.4347				76.4909
73.4347				77.5357
73.4347				76.6658
73.4347				75.5193
73.4347				74.8459
73.4347				75.2802
73.4347				76.4276
73.4347				75.8074
73.4347				75.5827
73.4347				76.7157
73.4347				75.805
73.4347				77.3132
73.4347				76.3192
73.4347				76.0781
73.4347				76.0492
73.4347				76.2972
73.4347				76.4623
73.4347				75.8487
73.4347				75.6606
73.4347				75.8922
73.4347				76.6312
73.4347				75.1807
73.4347				75.758
73.4347				75.8206
73.4347				75.5542
73.4347				75.8331
72.8194				76.7106
72.4232				77.1018
72.4232				75.9945
72.4232				75.485
72.4232				75.4438
72.4232				74.8248
72.4232				74.9763
72.4232				74.912
72.4232				76.3172
72.4232				75.4054
72.4232				76.2563
72.4232				75.7757
72.4232				75.9488
72.4232				75.3218
72.4232				74.5357
72.4232				75.0904
72.4232				75.1785
72.4232				75.6607
72.4232				76.5525
72.4232				76.3826
72.4232				75.3355
72.4232				75.7533
72.2983				74.9625
72.2983				74.1493
72.2983				74.4216
71.7383				74.5111
71.7383				74.711
71.7383				75.286
71.7383				76.3939
71.7383				76.369
71.6765				75.697
71.342				75.7999
71.342				76.465
71.342				75.784
71.342				76.0279
71.342				74.9422
71.342				73.6915
71.342				74.3005
71.342				74.8361
71.342				73.9738
71.342				74.1312
71.342				74.1845
71.342				73.7934
71.342				73.987
71.342				73.4866
71.342				73.7986
71.342				73.877
71.342				73.5289
71.342				73.5293
71.342				73.4194
71.342				73.4948
71.342				73.5549
71.342				74.6168
71.342				75.12
71.342				74.1894
71.342				73.6224
71.342				72.9386
71.342				74.1565
71.342				72.9456
71.342				73.0122
71.342				72.6967
71.342				72.8817
71.342				73.5233
71.342				72.2392
71.342				72.4922
71.342				73.3768
71.342				73.3884
71.342				73.669
71.342				73.1573
71.342				72.9027
71.342				72.1471
71.342				72.9281
71.342				73.2165
71.342				73.3505
71.342				73.7394
71.342				73.2205
71.342				72.9628
71.342				73.1157
71.342				73.3091
71.342				74.5902
71.342				73.841
71.342				73.7718
71.342				73.5399
71.342				72.3095
71.342				73.0183
71.342				73.8355
71.342				74.0334
71.342				73.1599
71.342				72.8547
71.342				72.1019
71.342				72.4642
71.342				73.8091
71.342				73.0484
71.342				73.6076
71.342				72.9152
71.342				72.4406
71.342				72.6111
71.342				73.0222
71.342				73.1683
71.342				73.2145
71.342				73.5193
71.342				73.4198
71.342				73.1698
71.342				73.4036
71.342				72.2666
71.342				72.4556
71.342				73.1055
71.342				73.8172
71.342				73.7196
70.4868				74.8854
70.4868				75.6777
70.4868				73.2527
70.4868				72.6451
70.4868				72.5025
70.4868				73.6808
70.4868				72.7423
70.4868				73.8213
70.4868				73.4953
70.4868				73.7913
70.4868				72.6814
70.4868				73.1151
70.4868				73.0225
70.4868				73.5671
70.4868				72.8362
70.4868				72.6397
70.4868				72.9422
70.4868				73.0006
69.6323				72.7769
69.6323				73.3027
69.6323				74.0987
69.6323				73.8474
69.6323				73.4419
69.6323				71.9045
69.6323				71.4365
69.6323				71.4166
69.6323				70.4852
69.6323				70.8555
69.6323				70.9006
69.6323				71.9574
69.6323				71.9612
69.6323				72.1697
69.6323				71.8343
69.6323				71.1335
69.6323				70.8024
69.6323				71.2415
69.6323				71.3716
69.6323				70.972
69.6323				71.0085
69.6323				71.0763
69.6323				72.3299
69.6323				72.3579
69.6323				71.4264
69.6323				72.0789
69.6323				71.4698
69.6323				70.6543
69.6323				71.6023
69.6323				71.1883
69.6323				71.8913
69.6323				71.6647
69.6323				72.0854
69.6323				71.7822
69.6323				71.6267
69.6323				71.6323
69.6323				72.2297
69.6323				71.7316
69.6323				71.6882
69.6323				71.7518
69.6323				71.156
69.6323				71.1692
69.6323				71.856
69.6323				71.7688
69.6323				71.3107
69.6323				71.7001
69.6323				71.3649
69.6323				71.3433
68.5672				70.8814
68.5672				72.0202
68.5672				71.4645
68.5672				70.8611
68.5672				71.0687
68.5672				70.3126
68.5672				70.595
68.5672				70.9537
68.5672				71.1835
68.5672				70.5928
68.5672				70.8594
68.5672				70.4716
68.5672				70.3816
68.5672				69.7308
68.5672				70.364
68.5672				70.2079
68.5672				71.0164
68.5672				70.4558
68.5672				71.3511
68.5672				71.1786
68.5672				69.9811
68.5672				70.8791
68.5672				71.1846
68.5672				70.7722
68.5672				71.8319
68.5672				71.4527
68.5672				72.1452
68.5672				70.89
68.5672				70.1863
68.5672				71.0854
68.5672				71.212
68.5672				71.3424
68.5672				72.7516
68.5672				71.5364
68.5672				70.8984
68.5672				70.289
68.5672				70.77
68.5672				70.387
68.5672				69.626
68.5672				69.9213
68.5672				69.9266
68.5672				70.9915
68.5672				71.0191
68.5672				70.4407
68.5672				70.8945
68.5672				70.8167
68.5672				70.3903
68.5672				69.9487
68.5672				70.6659
68.5672				70.1062
68.5672				69.1161
68.5672				69.9881
68.5672				70.633
68.5672				71.1645
68.5672				70.3654
68.5672				70.6892
68.5672				70.8811
68.5672				71.0797
68.5672				70.5791
68.5672				70.4091
68.5672				70.7361
68.5672				71.2772
68.5672				71.1061
68.5672				72.2763
68.5672				70.4026
68.5672				71.9703
68.5672				71.7579
68.5672				71.0571
68.5672				70.9264
68.5672				70.485
68.5672				71.426
68.5672				70.7989
68.5672				71.6397
68.5672				71.1487
68.5672				71.7637
68.424				72.4232
68.424				71.9868
68.424				70.873
68.2372				70.8757
68.2372				70.5787
68.2372				71.4848
68.2372				70.7916
68.2372				70.7051
68.2372				70.8286
68.2372				70.5468
68.2372				71.3063
68.2372				72.2879
68.2372				70.7746
68.2372				70.4928
68.2372				70.9349
68.2372				71.3633
68.2372				71.3279
68.2372				71.7047
68.2372				70.6912
68.2372				70.4244
68.2372				70.8016
68.2372				70.2887
68.2372				70.0912
68.2372				69.9637
68.2372				70.2344
68.2372				70.4119
68.2372				70.7998
68.2372				70.0251
68.2372				69.7327
68.2372				70.3579
68.2372				70.2468
68.2372				69.8966
68.2372				70.409
68.2372				70.5783
68.2372				71.5735
68.2372				70.3911
68.2372				69.7787
68.2372				69.5042
68.2372				70.1262
68.2372				70.182
68.2372				69.5656
68.2372				70.4893
68.2372				71.547
68.2372				71.3616
68.2372				71.2618
68.2372				70.9907
68.2372				70.2108
68.2372				70.4224
68.2372				71.1551
68.2372				70.8685
68.1887				71.5688
68.1887				71.6973
68.1887				70.4178
68.1887				71.3717
68.1887				71.4256
68.1887				71.1042
68.1887				70.201
68.1887				70.0621
68.1887				70.6106
68.1887				69.7122
68.1887				69.9351
68.1887				69.9682
68.1887				70.849
68.1887				71.7061
68.1887				71.1095
68.1887				70.6199
68.1887				70.5127
68.1887				70.0246
68.1887				70.0267
68.1887				69.9907
68.1887				70.5005
68.1887				70.0865
68.1887				70.0835
68.1887				69.9195
68.1887				70.2024
68.1887				70.4831
68.1887				70.3546
68.1887				70.8036
68.1887				70.3098
68.1887				70.2013
68.1887				69.934
68.1887				70.1761
68.1887				69.8441
68.1887				69.6588
68.1887				69.8423
68.1887				70.1526
68.1887				70.0717
68.1887				70.0271
68.1887				70.3025
68.1887				70.3016
68.1887				70.8695
68.1887				71.5594
68.1887				71.2132
68.1887				70.1776
68.1887				70.3231
68.1887				71.2952
68.1887				70.6977
68.1887				70.9926
68.1887				70.908
68.1887				70.7659
68.1887				69.399
68.1887				69.9443
68.1887				71.4909
68.1887				71.7517
68.1887				71.1015
68.1887				69.5177
68.1887				70.276
68.1887				70.7693
68.1887				71.4911
68.1887				70.6807
68.1887				70.3984
68.1887				70.7554
68.1887				70.5733
68.1887				70.4011
68.1887				70.9942
68.1887				70.6145
68.1887				69.9923
68.1887				70.3742
68.1887				70.8453
68.1887				71.0608
68.1887				70.726
68.1887				70.3529
68.1887				70.6853
68.1887				70.1607
68.1887				70.3651
67.8717				70.6296
67.8717				70.1232
67.8717				70.8326
67.8717				71.6934
67.8717				70.2766
67.8717				70.6735
67.8717				70.7428
67.8717				70.7377
67.8717				70.0991
67.8717				69.801
67.8717				70.2145
67.8717				71.0374
67.8717				70.3994
67.8717				70.4073
67.8717				69.3503
67.8717				69.618
67.8717				70.2275
67.8717				69.6636
67.8717				69.6262
67.8717				70.1721
67.8717				69.3695
67.8717				69.8671
67.8717				69.5838
67.8717				69.4509
67.8717				69.7724
67.8717				70.1422
67.8717				70.092
67.8717				70.1683
67.8717				69.6636
67.8717				69.463
67.8717				70.325
67.8717				71.6143
67.8717				71.5922
67.8717				71.3871
67.8717				71.2192
67.8717				71.8514
67.8717				70.9267
67.8717				70.7062
67.8717				70.3926
67.8717				71.4064
67.8717				70.0884
67.8717				69.9854
67.8717				69.6294
67.8717				70.2298
67.8717				70.0516
67.8717				69.6791
67.8717				70.3219
67.8717				69.877
67.8717				70.1992
67.8717				69.3898
67.8717				70.2003
67.8717				70.6265
67.8717				69.0318
67.8717				69.8646
67.8717				70.3177
67.8717				69.9856
67.8717				69.63
67.7372				69.8166
67.7372				70.1029
67.7372				68.6034
67.7372				68.8565
67.5194				69.6631
67.5194				69.8606
67.5194				70.1084
67.5194				69.1469
67.5194				69.602
67.5194				70.3501
67.5194				70.4949
67.5194				71.6897
67.5194				71.3018
67.5194				71.1458
67.5194				70.4032
67.5194				71.0487
67.5194				70.4538
67.5194				69.9205
67.5194				70.8198
67.4052				69.8708
67.4052				69.1997
67.4052				69.8938
67.4052				70.7933
67.4052				69.749
67.4052				71.1517
67.4052				70.1784
67.4052				70.2126
67.4052				71.0194
67.4052				69.3981
67.4052				69.4711
67.4052				69.3599
67.4052				70.2186
67.4052				70.2633
67.4052				71.0586
67.4052				69.8616
67.4052				70.6561
67.4052				71.2969
67.4052				70.8007
67.4052				69.633
67.4052				70.0473
67.4052				70.0465
67.4052				70.1464
67.4052				69.9134
67.4052				69.8852
67.4052				69.8515
67.4052				69.5698
67.4052				69.4608
67.4052				69.8113
67.4052				70.0597
67.4052				69.8134
67.4052				69.957
67.4052				69.8603
67.4052				69.9246
67.4052				69.2941
67.4052				69.6651
67.4052				69.5797
67.4052				69.6894
67.4052				69.8312
67.4052				69.2869
67.4052				68.9102
67.4052				67.8817
67.4052				69.8025
67.4052				70.2782
67.4052				69.7098
67.4052				69.5995
67.4052				70.4204
67.4052				69.6031
67.4052				69.638
67.1484				68.9698
67.0343				69.6194
67.0343				69.1717
67.0343				69.7869
67.0343				69.867
67.0343				69.3549
67.0343				69.0541
67.0343				69.5309
67.0343				69.1214
67.0343				70.7744
67.0343				69.5904
67.0343				69.8407
67.0343				69.0712
67.0343				69.5828
67.0343				69.0674
67.0343				69.0877
67.0343				70.0478
67.0343				69.9719
67.0343				69.5547
67.0343				70.002
67.0343				69.6368
67.0343				69.0173
67.0343				69.7813
67.0343				70.5469
67.0343				68.9539
67.0343				69.0443
67.0343				69.7862
67.0343				69.4384
67.0343				70.2018
67.0343				69.8178
67.0343				68.6981
67.0343				69.47
67.0343				69.7943
67.0343				70.2593
67.0343				69.5311
67.0343				69.586
67.0343				70.2271
67.0343				69.089
67.0343				69.2737
67.0343				69.8354
67.0343				69.9425
67.0343				69.4416
67.0343				68.5343
67.0343				68.9613
67.0343				68.7451
67.0343				69.21
67.0343				69.2564
67.0343				69.3767
67.0343				68.7889
67.0343				69.3871
67.0343				69.9233
67.0343				68.5156
67.0343				68.9822
67.0343				67.9528
67.0343				68.5618
67.0343				68.4991
67.0343				68.3042
67.0343				67.6659
67.0343				68.4767
67.0343				69.1783
67.0343				68.5683
67.0343				69.6583
67.0343				69.5935
67.0343				69.3742
67.0343				68.8001
67.0343				68.3357
67.0343				68.5458
67.0343				69.5841
67.0343				68.9245
67.0343				69.058
67.0343				69.9292
67.0343				69.5668
67.0343				69.0711
67.0343				69.4522
67.0343				69.0187
67.0343				69.0211
67.0343				69.366
67.0343				69.0017
67.0343				69.7371
67.0343				69.2318
67.0343				69.5498
67.0343				69.226
67.0343				69.3058
67.0343				68.456
67.0343				69.4807
67.0343				69.0604
67.0343				68.4914
67.0343				70.3605
67.0343				70.6934
67.0343				70.3523
67.0343				69.9075
67.0343				70.7062
67.0343				69.4916
67.0343				68.9305
67.0343				69.6131
67.0343				70.3898
67.0343				70.1264
67.0343				69.7964
67.0343				70.0578
67.0343				70.1829
67.0343				69.5228
67.0343				69.2159
67.0343				69.8217
67.0343				68.9478
67.0343				69.0303
67.0343				68.3194
67.0343				69.3911
67.0343				68.8955
67.0343				68.8143
67.0343				69.7132
67.0343				69.5294
67.0343				69.3785
67.0343				69.7098
67.0343				70.6312
67.0343				70.2258
67.0343				69.7984
67.0343				70.5829
67.0343				69.9007
67.0343				69.3598
67.0343				68.4151
67.0343				69.1471
67.0343				69.0135
67.0343				69.4233
67.0343				69.514
67.0343				70.4944
67.0343				68.8318
67.0343				69.5837
67.0343				69.4379
67.0343				69.0679
67.0343				69.0379
67.0343				69.828
67.0343				69.4413
67.0343				70.1086
67.0343				69.839
67.0343				69.5253
67.0343				69.7406
67.0343				69.6311
67.0343				69.6276
66.9664				68.3178
66.8759				68.3648
66.8759				68.5156
66.8759				69.0137
66.8759				69.5675
66.8759				69.4594
66.8759				69.1334
66.8759				69.5562
66.8759				69.0513
66.8759				69.2148
66.8759				69.3949
66.8759				70.1222
66.8759				69.5713
66.8759				69.4638
66.8759				69.5782
66.8759				69.7712
66.8759				70.4336
66.8759				69.741
66.8759				69.1314
66.8759				68.4834
66.8759				68.7736
66.8759				68.3859
66.8759				68.4283
66.8759				69.4536
66.8759				69.5754
66.8759				69.3508
66.8759				68.9099
66.8759				68.7867
66.8759				68.6272
66.8759				68.8797
66.8759				69.7473
66.8759				69.7695
66.8759				70.3544
66.8759				69.3557
66.8759				69.581
66.8759				69.7391
66.8759				68.8519
66.8759				68.9731
66.8759				68.3563
66.8759				68.7545
66.8759				68.2641
66.8759				67.915
66.8759				69.3196
66.8759				69.5721
66.8759				69.7091
66.8759				69.9734
66.8759				69.4
66.8759				68.6486
66.8759				67.9085
66.8759				68.1543
66.8759				68.0649
66.8759				69.0112
66.8759				68.9361
66.8759				69.3507
66.8759				69.5505
66.8759				69.845
66.8759				69.5201
66.8759				69.021
66.8759				69.3872
66.8759				69.7173
66.8759				68.4406
66.8759				68.6349
66.4218				69.1474
66.4218				69.0807
66.4218				68.6711
66.4218				68.5957
66.4218				69.1338
66.4218				69.0299
66.4218				69.0622
66.4218				68.8519
66.4218				68.7077
66.4218				68.6238
66.4218				67.8907
66.4218				68.5816
66.4218				67.9624
66.4218				68.932
66.4218				69.0069
66.4218				68.8176
66.4218				70.1567
66.4218				69.3888
66.4218				69.3441
66.4218				69.918
66.4218				69.7202
66.4218				69.7146
66.4218				69.1066
66.4218				69.147
66.4218				68.4764
66.216				69.0476
66.216				68.5045
66.216				67.7167
66.216				67.6716
66.216				68.1052
66.216				67.8194
66.216				68.6274
66.216				68.0646
66.216				68.6921
66.216				69.5193
66.216				69.6322
66.216				69.8107
66.216				69.151
66.216				68.7764
66.216				68.6827
66.216				68.9416
66.216				68.5802
66.216				68.7614
66.216				69.0761
66.216				67.9085
66.216				67.9827
66.216				67.7854
66.216				67.3394
66.216				68.4602
66.216				68.8018
66.216				68.5999
66.216				68.9465
66.216				67.4068
66.216				68.1042
66.216				67.6898
66.216				67.3987
66.216				68.8913
66.216				69.6131
66.216				69.8231
66.216				69.7147
66.216				68.3132
66.216				68.614
66.216				67.5243
66.216				67.714
66.216				67.2293
66.216				67.9806
66.216				68.3509
66.216				67.7954
66.216				67.7732
66.216				67.6825
66.216				67.4252
66.216				67.6638
66.216				67.624
66.216				68.2776
66.216				68.9154
66.216				69.1371
66.216				68.2598
66.216				68.4682
66.216				67.9216
66.216				68.032
66.216				68.9462
66.216				70.1934
66.216				68.3746
66.216				67.1712
66.216				69.1057
66.216				69.5636
66.216				70.4163
66.216				70.2226
66.216				69.5615
66.216				69.4079
66.216				68.698
66.216				67.8464
66.216				67.7154
66.216				68.1349
66.216				67.4555
66.216				67.4579
66.216				68.2768
66.216				69.7134
66.216				69.2976
66.216				69.3167
66.216				68.7153
66.216				68.7839
66.216				68.9763
66.216				69.8505
66.216				69.5221
66.216				68.8349
66.216				69.4838
66.216				69.2687
66.216				69.2662
66.216				69.2666
66.216				69.0877
66.216				68.0128
66.216				68.8108
66.216				68.2786
66.216				68.4547
66.216				69.635
66.216				69.4769
66.216				70.3548
66.216				67.9433
66.216				68.7926
66.216				67.4369
66.216				67.2982
66.216				67.571
66.216				67.8821
66.216				67.8608
66.216				68.8904
66.216				68.7014
66.216				68.9186
66.216				69.5767
66.216				68.8445
66.216				69.4392
66.216				69.5491
66.216				69.5695
66.216				69.5249
66.216				68.6169
66.216				68.5716
66.216				68.3995
66.216				67.5888
66.216				68.8371
66.216				69.3748
66.216				68.4762
66.216				68.8494
66.216				69.0163
66.216				68.3844
66.216				67.8608
66.216				67.4596
66.216				67.6643
66.216				68.9269
66.216				68.3608
66.216				68.7254
66.216				68.7107
66.216				68.6678
66.216				67.693
66.216				67.8929
66.216				67.8894
